{
    "products": [”Letmælk”, ”Skummetmælk”, ”Tykmælk”, ”Ensym 1”, ”Enzym 2”],

    "periods": ["Uge 1", "Uge 2", "Uge 3", "Uge 4", "Uge 5", "Uge 6", "Uge 7", "Uge 8", "Uge 9", "Uge 10"],

    "demands":[[51989, 58678, 69351, 50036, 38533, 67617, 62777, 38909, 41393, 31850],[48011, 41623, 30843, 50561, 61924, 32537, 36922, 60629, 58160, 67854],[10487, 16836, 6996, 6654, 5697, 10602, 7566, 7156, 4962, 3555][0, 0, 0, 0, 0, 0, 0, 0, 0, 0],[0, 0, 0, 0, 0, 0, 0, 0, 0, 0]],

    "var_cost":[[2.33, 4.12, 4.68, 4.46, 3.78, 3.68, 5. 75, 5.23, 2.60, 3.27],[5.67, 3.92, 3.18, 3.51, 4.13, 4.19, 2.05, 2.49, 4.93, 3.39],[6.969190099, 7.388550895, 5.989101687, 6.500039813, 5.999733504, 8.175268512, 2.120150378, 2.894689047, 5.428590835, 3.91672025],[0.2, 0.2, 0.2, 0.2, 0.2, 0.1, 0.1, 0.1, 0.1, 0.1],[3.0, 3.0, 3.0, 3.0, 5.0, 5.0, 5.0, 5.0, 5.0, 5.0]],

    "fixed_cost": [[45000, 45000, 45000, 45000, 45000, 45000, 45000, 45000, 45000, 45000],[55000, 55000, 55000, 55000, 55000, 55000, 55000, 55000, 55000, 55000],[70000, 70000, 70000, 70000, 70000, 70000, 70000, 70000, 70000, 70000],[500, 500, 500, 500, 500, 500, 500, 500, 500, 500],[500, 500, 500, 500, 500, 500, 500, 500, 500, 500]],

    "inv_cost": [[0.1, 0.1, 0.1, 0.1, 0.1, 0.1, 0.6, 0.6, 0.6, 0.6],[0.1, 0.1, 0.1, 0.1, 0.1, 0.1, 0.6, 0.6, 0.6, 0.6],[0.1, 0.1, 0.1, 0.1, 0.1, 0.1, 0.6, 0.6, 0.6, 0.6],[0.05, 0.05, 0.05, 0.05, 0.05, 0.05, 0.05, 0.05, 0.05, 0.05],[0.05, 0.05, 0.05, 0.05, 0.05, 0.05, 0.05, 0.05, 0.05, 0.05]],

    "r": [[0, 0, 0, 0, 0.1],[0, 0, 0, 0, 0],[0, 0, 0, 0, 0],[0, 0, 0.11, 0.1, 0],[0, 0, 0, 0, 0.15]],


    "leadTimes": [0, 0, 0, 2, 2],
    "batch_sizes": [100, 100, 100, 1, 1],
    "lager_forbrug": [1, 1, 1, 0, 0],
    "Produktionskap_forbrug": [1, 1, 1, 0, 0],
    "primoInventory": [33333, 37037, 29630, 25000,2000],
    "max_prod": [125000],
    "max_inv": [100000],
}
