{
    "municipalities": ["K\u00f8benhavn kommune", "Aarhus kommune", "Aalborg kommune", "Odense kommune", "Esbjerg kommune", "Vejle kommune", "Frederiksberg kommune", "Randers kommune", "Viborg kommune", "Kolding kommune"],
    "basis_price": [6400000000, 6400000000, 4100000000, 6600000000, 4500000000, 4300000000, 4300000000, 5400000000, 5600000000, 6900000000],
    "basis_capacity": [1243000, 1378000, 652000, 1381000, 766000, 684000, 850000, 922000, 896000, 1256000],
    "ext_price": [428000, 439000, 436000, 408000, 420000, 404000, 418000, 434000, 442000, 447000],
    "inhab2022": [644431, 355238, 221082, 205978, 119060, 115459, 103608, 98988, 97358, 96847],
    "inhab2030": [63030, 381096, 227739, 33544, 36679, 53505, 59118, 32283, 69421, 46251],
    "distances": [[0, 192.965, 304.349, 169.509, 288.953, 237.316, 4.104, 242.169, 326.533, 242.126], [192.965, 0, 119.631, 141.221, 155.567, 71.227, 190.725, 57.452, 58.729, 108.74], [304.349, 119.631, 0, 252.378, 266.724, 182.384, 303.512, 55.405, 85.79, 219.898], [169.509, 141.221, 252.378, 0, 123.924, 72.288, 165.026, 189.553, 161.505, 77.098], [288.953, 155.567, 266.724, 123.924, 0, 86.856, 284.372, 204.121, 160.082, 56.559], [237.316, 71.227, 182.384, 72.288, 86.856, 0, 235.977, 120.092, 92.044, 43.138], [4.104, 190.725, 303.512, 165.026, 284.372, 235.977, 0, 240.737, 322.138, 237.73], [242.169, 57.452, 55.405, 189.553, 204.121, 120.092, 240.737, 0, 53.982, 157.413], [326.533, 58.729, 85.79, 161.505, 160.082, 92.044, 322.138, 53.982, 0, 128.502], [242.126, 108.74, 219.898, 77.098, 56.559, 43.138, 237.73, 157.413, 128.502, 0]],
    "travel_times": [[0, 11411, 15163, 6531, 11242, 9068, 677, 13294, 12788, 8987], [11411, 0, 4557, 5646, 6424, 2984, 11567, 2689, 3193, 4169], [15163, 4557, 0, 9271, 10050, 6610, 15409, 2997, 4143, 7795], [6531, 5646, 9271, 0, 5486, 3311, 6689, 7361, 7031, 3230], [11242, 6424, 10050, 5486, 0, 4102, 11393, 8153, 7740, 3005], [9068, 2984, 6610, 3311, 4102, 0, 9165, 4753, 4423, 1788], [677, 11567, 15409, 6689, 11393, 9165, 0, 13207, 12797, 8996], [13294, 2689, 2997, 7361, 8153, 4753, 13207, 0, 3157, 5837], [12788, 3193, 4143, 7031, 7740, 4423, 12797, 3157, 0, 5503], [8987, 4169, 7795, 3230, 3005, 1788, 8996, 5837, 5503, 0]],
    "p": 2,
    "omk": 28656.6,
    "maxbudget":11038345500,
    "weight":[0.117431,0.117431,0.075229,0.121101,0.082569,0.078899,0.078899,0.099083,0.102752,0.126606]
}