{
	"n":	21,
	"r":	9,
	"m":	4,
	"q":	[0, 1100, 700, 800, 1400, 2100, 400, 800, 100, 500, 600, 1200, 1300, 1300, 300, 900, 2100, 1000, 900, 2500, 1800, 700],
	"Q":	6000,
	"B":	94,
	"T":	250,
	"s":	[0, 10, 10, 10, 10, 10, 10, 10, 10, 10, 10, 10, 10, 10, 10, 10, 10, 10, 10, 10, 10, 10],
	"g":	1.5,
	"xCoord":	[145, 151, 159, 130, 128, 163, 146, 161, 142, 163, 148, 128, 156, 129, 146, 164, 141, 147, 164, 129, 155, 139, 145, 137, 137, 137, 137, 155, 155, 155, 155],
	"yCoord":	[215, 264, 261, 254, 252, 247, 246, 242, 239, 236, 232, 231, 217, 214, 208, 208, 206, 193, 193, 189, 185, 182, 215, 193, 213, 234, 254, 193, 213, 234, 254],
	"c":	[[999, 49.3659801887899, 48.0832611206852, 41.7851648315524, 40.7185461430047, 36.7151195013716, 31.0161248385416, 31.3847096529504, 24.1867732448956, 27.6586333718787, 17.2626765016321, 23.3452350598575, 11.1803398874989, 16.0312195418814, 7.07106781186548, 20.2484567313166, 9.8488578017961, 22.0907220343745, 29.0688837074973, 30.5286750449475, 31.6227766016838, 33.5410196624968, 999, 23.4093998214393, 8.24621125123532, 20.6155281280883, 39.8120584747888, 24.1660919471891, 10.1980390271856, 21.4709105535839, 40.2616442783948], [49.3659801887899, 999, 8.54400374531753, 23.259406699226, 25.9422435421457, 20.8086520466848, 18.6815416922694, 24.1660919471891, 26.5706605111728, 30.4630924234556, 32.1403173599764, 40.2243707222375, 47.2652091923859, 54.6260011349907, 56.2227711874824, 57.4891294072192, 58.8557558782486, 71.1125867902441, 72.1803297304744, 78.1600921186765, 79.1012010022604, 82.8733974204026, 49.3659801887899, 72.3671196055225, 52.8866712887094, 33.1058907144937, 17.2046505340853, 71.1125867902441, 51.1566222497147, 30.2654919008431, 10.770329614269], [48.0832611206852, 8.54400374531753, 999, 29.8328677803526, 32.2800247831379, 14.560219778561, 19.8494332412792, 19.1049731745428, 27.8028775489157, 25.3179778023443, 31.0161248385416, 43.139309220246, 44.1021541423999, 55.7584074378026, 54.571054598569, 53.2353266168247, 57.8705451849211, 69.0507060065283, 68.1835757349231, 78, 76.1051903617618, 81.4923309275173, 48.0832611206852, 71.4702735408225, 52.8015151297763, 34.828149534536, 23.0867927612304, 68.1175454637056, 48.1663783151692, 27.2946881279124, 8.06225774829855], [41.7851648315524, 23.259406699226, 29.8328677803526, 999, 2.82842712474619, 33.734255586866, 17.8885438199983, 33.2415402771893, 19.2093727122985, 37.589892258425, 28.4253408071038, 23.0867927612304, 45.2216762183801, 40.0124980474851, 48.7031826475437, 57.2013985843004, 49.2442890089805, 63.3245607959503, 69.8355210476732, 65.00769185258, 73.3893725276351, 72.5603197346869, 41.7851648315524, 61.400325732035, 41.5932686861708, 21.1896201004171, 7, 65.924198895398, 48.0208288141719, 32.0156211871642, 25], [40.7185461430047, 25.9422435421457, 32.2800247831379, 2.82842712474619, 999, 35.3553390593274, 18.9736659610103, 34.4818792991333, 19.1049731745428, 38.4837628097877, 28.2842712474619, 21, 44.8218696620299, 38.0131556174964, 47.5394572960189, 56.8506816142076, 47.8016736108685, 61.9838688692469, 69.1158447825099, 63.0079360080935, 72.2357252334328, 70.8590149522275, 40.7185461430047, 59.6824932455071, 40.024992192379, 20.1246117974981, 9.21954445729289, 64.8845127900333, 47.4341649025257, 32.4499614791759, 27.0739727413618], [36.7151195013716, 20.8086520466848, 14.560219778561, 33.734255586866, 35.3553390593274, 999, 17.0293863659264, 5.3851648071345, 22.4722050542442, 11, 21.2132034355964, 38.4837628097877, 30.8058436014987, 47.3814309619285, 42.5440947723653, 39.0128184062623, 46.5295604965274, 56.3205113613149, 54.0092584655631, 67.2309452558864, 62.5139984323511, 69.28924880528, 36.7151195013716, 59.9332962550868, 42.8018691180654, 29.0688837074973, 26.9258240356725, 54.5893762558247, 34.928498393146, 15.2643375224737, 10.6301458127346], [31.0161248385416, 18.6815416922694, 19.8494332412792, 17.8885438199983, 18.9736659610103, 17.0293863659264, 999, 15.52417469626, 8.06225774829855, 19.723082923316, 14.142135623731, 23.43074902772, 30.6757233003559, 36.2353418639869, 38, 42.0475920832573, 40.3112887414927, 53.0094331227943, 55.9732078766261, 59.4810894318522, 61.660360037872, 64.3816744112795, 31.0161248385416, 53.7587202228625, 34.2052627529741, 15, 12.0415945787923, 53.7587202228625, 34.2052627529741, 15, 12.0415945787923], [31.3847096529504, 24.1660919471891, 19.1049731745428, 33.2415402771893, 34.4818792991333, 5.3851648071345, 15.52417469626, 999, 19.2353840616713, 6.32455532033676, 16.4012194668567, 34.7850542618522, 25.4950975679639, 42.5205832509386, 37.1618083521241, 34.132096331752, 41.182520563948, 50.9607692249636, 49.0917508345343, 61.9112267686564, 57.3149195236284, 63.9061812346818, 31.3847096529504, 54.561891462815, 37.6430604494374, 25.298221281347, 26.8328157299975, 49.3659801887899, 29.6141857899217, 10, 13.4164078649987], [24.1867732448956, 26.5706605111728, 27.8028775489157, 19.2093727122985, 19.1049731745428, 22.4722050542442, 8.06225774829855, 19.2353840616713, 999, 21.2132034355964, 9.21954445729289, 16.1245154965971, 26.0768096208106, 28.1780056072107, 31.2569992161756, 38.0131556174964, 33.0151480384384, 46.2709412050371, 50.9901951359278, 51.662365412358, 55.5427763079953, 57.0788927713213, 24.1867732448956, 46.2709412050371, 26.4764045897475, 7.07106781186548, 15.8113883008419, 47.8016736108685, 29.0688837074973, 13.9283882771841, 19.8494332412792], [27.6586333718787, 30.4630924234556, 25.3179778023443, 37.589892258425, 38.4837628097877, 11, 19.723082923316, 6.32455532033676, 21.2132034355964, 999, 15.52417469626, 35.3553390593274, 20.2484567313166, 40.4969134626332, 32.7566787083184, 28.0178514522438, 37.2021504754766, 45.8802789878178, 43.0116263352131, 58.0086200490927, 51.6236379965612, 59.0931468107766, 27.6586333718787, 50.2493781056044, 34.7131099154196, 26.0768096208106, 31.6227766016838, 43.7378554572581, 24.3515913237718, 8.24621125123532, 19.6977156035922], [17.2626765016321, 32.1403173599764, 31.0161248385416, 28.4253408071038, 28.2842712474619, 21.2132034355964, 14.142135623731, 16.4012194668567, 9.21954445729289, 15.52417469626, 999, 20.0249843945008, 17, 26.1725046566048, 24.0831891575846, 28.8444102037119, 26.9258240356725, 39.0128184062623, 42.154477816716, 47.0106370941726, 47.5184174820669, 50.8035431835222, 17.2626765016321, 40.5215991787096, 21.9544984001001, 11.1803398874989, 24.5967477524977, 39.6232255123179, 20.2484567313166, 7.28010988928052, 23.0867927612304], [23.3452350598575, 40.2243707222375, 43.139309220246, 23.0867927612304, 21, 38.4837628097877, 23.43074902772, 34.7850542618522, 16.1245154965971, 35.3553390593274, 20.0249843945008, 999, 31.3049516849971, 17.0293863659264, 29.2061637330205, 42.7200187265877, 28.1780056072107, 42.485291572496, 52.3450093132096, 42.0119030752, 53.3385414123783, 50.2195181179589, 23.3452350598575, 39.0512483795333, 20.1246117974981, 9.48683298050514, 24.6981780704569, 46.6154480832267, 32.4499614791759, 27.1661554144122, 35.4682957019364], [11.1803398874989, 47.2652091923859, 44.1021541423999, 45.2216762183801, 44.8218696620299, 30.8058436014987, 30.6757233003559, 25.4950975679639, 26.0768096208106, 20.2484567313166, 17, 31.3049516849971, 999, 27.1661554144122, 13.4536240470737, 12.0415945787923, 18.6010752377383, 25.6320112359526, 25.298221281347, 38.8973006775534, 32.0156211871642, 38.9101529166874, 11.1803398874989, 30.6104557300279, 19.4164878389476, 25.4950975679639, 41.5932686861708, 24.0208242989286, 4.12310562561766, 17.0293863659264, 37.0135110466435], [16.0312195418814, 54.6260011349907, 55.7584074378026, 40.0124980474851, 38.0131556174964, 47.3814309619285, 36.2353418639869, 42.5205832509386, 28.1780056072107, 40.4969134626332, 26.1725046566048, 17.0293863659264, 27.1661554144122, 999, 18.0277563773199, 35.5105618091294, 14.422205101856, 27.6586333718787, 40.8166632639171, 25, 38.9486841883009, 33.5261092284804, 16.0312195418814, 22.4722050542442, 8.06225774829855, 21.540659228538, 40.7921561087423, 33.4215499341368, 26.0192236625154, 32.8024389337135, 47.7074417675063], [7.07106781186548, 56.2227711874824, 54.571054598569, 48.7031826475437, 47.5394572960189, 42.5440947723653, 38, 37.1618083521241, 31.2569992161756, 32.7566787083184, 24.0831891575846, 29.2061637330205, 13.4536240470737, 18.0277563773199, 999, 18, 5.3851648071345, 15.0332963783729, 23.43074902772, 25.4950975679639, 24.6981780704569, 26.9258240356725, 7.07106781186548, 17.4928556845359, 10.295630140987, 27.5136329843952, 46.8721665810319, 17.4928556845359, 10.295630140987, 27.5136329843952, 46.8721665810319], [20.2484567313166, 57.4891294072192, 53.2353266168247, 57.2013985843004, 56.8506816142076, 39.0128184062623, 42.0475920832573, 34.132096331752, 38.0131556174964, 28.0178514522438, 28.8444102037119, 42.7200187265877, 12.0415945787923, 35.5105618091294, 18, 999, 23.0867927612304, 22.6715680975093, 15, 39.8246155034798, 24.6981780704569, 36.0693775937429, 20.2484567313166, 30.886890422961, 27.459060435492, 37.4833296279826, 53.3385414123783, 17.4928556845359, 10.295630140987, 27.5136329843952, 46.8721665810319], [9.8488578017961, 58.8557558782486, 57.8705451849211, 49.2442890089805, 47.8016736108685, 46.5295604965274, 40.3112887414927, 41.182520563948, 33.0151480384384, 37.2021504754766, 26.9258240356725, 28.1780056072107, 18.6010752377383, 14.422205101856, 5.3851648071345, 23.0867927612304, 999, 14.3178210632764, 26.4196896272458, 20.8086520466848, 25.2388589282479, 24.0831891575846, 9.8488578017961, 13.6014705087354, 8.06225774829855, 28.2842712474619, 48.1663783151692, 19.1049731745428, 15.6524758424985, 31.3049516849971, 50], [22.0907220343745, 71.1125867902441, 69.0507060065283, 63.3245607959503, 61.9838688692469, 56.3205113613149, 53.0094331227943, 50.9607692249636, 46.2709412050371, 45.8802789878178, 39.0128184062623, 42.485291572496, 25.6320112359526, 27.6586333718787, 15.0332963783729, 22.6715680975093, 14.3178210632764, 999, 17, 18.4390889145858, 11.3137084989848, 13.6014705087354, 22.0907220343745, 10, 22.3606797749979, 42.2018956920184, 61.8142378421024, 8, 21.540659228538, 41.7731971484108, 61.5223536610881], [29.0688837074973, 72.1803297304744, 68.1835757349231, 69.8355210476732, 69.1158447825099, 54.0092584655631, 55.9732078766261, 49.0917508345343, 50.9901951359278, 43.0116263352131, 42.154477816716, 52.3450093132096, 25.298221281347, 40.8166632639171, 23.43074902772, 15, 26.4196896272458, 17, 999, 35.2278299076171, 12.0415945787923, 27.3130005674953, 29.0688837074973, 27, 33.6005952328229, 49.0917508345343, 66.7083203206317, 9, 21.9317121994613, 41.9761837236307, 61.660360037872], [30.5286750449475, 78.1600921186765, 78, 65.00769185258, 63.0079360080935, 67.2309452558864, 59.4810894318522, 61.9112267686564, 51.662365412358, 58.0086200490927, 47.0106370941726, 42.0119030752, 38.8973006775534, 25, 25.4950975679639, 39.8246155034798, 20.8086520466848, 18.4390889145858, 35.2278299076171, 999, 26.3058928759318, 12.2065556157337, 30.5286750449475, 8.94427190999916, 25.298221281347, 45.7055795281058, 65.4904573201318, 26.3058928759318, 35.3836120259083, 51.9711458407451, 70.0071424927486], [31.6227766016838, 79.1012010022604, 76.1051903617618, 73.3893725276351, 72.2357252334328, 62.5139984323511, 61.660360037872, 57.3149195236284, 55.5427763079953, 51.6236379965612, 47.5184174820669, 53.3385414123783, 32.0156211871642, 38.9486841883009, 24.6981780704569, 24.6981780704569, 25.2388589282479, 11.3137084989848, 12.0415945787923, 26.3058928759318, 999, 16.2788205960997, 31.6227766016838, 19.6977156035922, 33.2866339541865, 52.2015325445527, 71.3091859440283, 8, 28, 49, 69], [33.5410196624968, 82.8733974204026, 81.4923309275173, 72.5603197346869, 70.8590149522275, 69.28924880528, 64.3816744112795, 63.9061812346818, 57.0788927713213, 59.0931468107766, 50.8035431835222, 50.2195181179589, 38.9101529166874, 33.5261092284804, 26.9258240356725, 36.0693775937429, 24.0831891575846, 13.6014705087354, 27.3130005674953, 12.2065556157337, 16.2788205960997, 999, 33.5410196624968, 11.1803398874989, 31.0644491340181, 52.0384473250308, 72.0277724214764, 19.4164878389476, 34.8855270850248, 54.4058820349418, 73.7563556583431], [999, 49.3659801887899, 48.0832611206852, 41.7851648315524, 40.7185461430047, 36.7151195013716, 31.0161248385416, 31.3847096529504, 24.1867732448956, 27.6586333718787, 17.2626765016321, 23.3452350598575, 11.1803398874989, 16.0312195418814, 7.07106781186548, 20.2484567313166, 9.8488578017961, 22.0907220343745, 29.0688837074973, 30.5286750449475, 31.6227766016838, 33.5410196624968, 999, 23.4093998214393, 8.24621125123532, 20.6155281280883, 39.8120584747888, 24.1660919471891, 10.1980390271856, 21.4709105535839, 40.2616442783948], [23.4093998214393, 72.3671196055225, 71.4702735408225, 61.400325732035, 59.6824932455071, 59.9332962550868, 53.7587202228625, 54.561891462815, 46.2709412050371, 50.2493781056044, 40.5215991787096, 39.0512483795333, 30.6104557300279, 22.4722050542442, 17.4928556845359, 30.886890422961, 13.6014705087354, 10, 27, 8.94427190999916, 19.6977156035922, 11.1803398874989, 23.4093998214393, 999, 20, 41, 61, 18, 26.9072480941474, 44.7772263544762, 63.6003144646314], [8.24621125123532, 52.8866712887094, 52.8015151297763, 41.5932686861708, 40.024992192379, 42.8018691180654, 34.2052627529741, 37.6430604494374, 26.4764045897475, 34.7131099154196, 21.9544984001001, 20.1246117974981, 19.4164878389476, 8.06225774829855, 10.295630140987, 27.459060435492, 8.06225774829855, 22.3606797749979, 33.6005952328229, 25.298221281347, 33.2866339541865, 31.0644491340181, 8.24621125123532, 20, 999, 21, 41, 26.9072480941474, 18, 27.6586333718787, 44.7772263544762], [20.6155281280883, 33.1058907144937, 34.828149534536, 21.1896201004171, 20.1246117974981, 29.0688837074973, 15, 25.298221281347, 7.07106781186548, 26.0768096208106, 11.1803398874989, 9.48683298050514, 25.4950975679639, 21.540659228538, 27.5136329843952, 37.4833296279826, 28.2842712474619, 42.2018956920184, 49.0917508345343, 45.7055795281058, 52.2015325445527, 52.0384473250308, 20.6155281280883, 41, 21, 999, 20, 44.7772263544762, 27.6586333718787, 18, 26.9072480941474], [39.8120584747888, 17.2046505340853, 23.0867927612304, 7, 9.21954445729289, 26.9258240356725, 12.0415945787923, 26.8328157299975, 15.8113883008419, 31.6227766016838, 24.5967477524977, 24.6981780704569, 41.5932686861708, 40.7921561087423, 46.8721665810319, 53.3385414123783, 48.1663783151692, 61.8142378421024, 66.7083203206317, 65.4904573201318, 71.3091859440283, 72.0277724214764, 39.8120584747888, 61, 41, 20, 999, 63.6003144646314, 44.7772263544762, 26.9072480941474, 18], [24.1660919471891, 71.1125867902441, 68.1175454637056, 65.924198895398, 64.8845127900333, 54.5893762558247, 53.7587202228625, 49.3659801887899, 47.8016736108685, 43.7378554572581, 39.6232255123179, 46.6154480832267, 24.0208242989286, 33.4215499341368, 17.4928556845359, 17.4928556845359, 19.1049731745428, 8, 9, 26.3058928759318, 8, 19.4164878389476, 24.1660919471891, 18, 26.9072480941474, 44.7772263544762, 63.6003144646314, 999, 20, 41, 61], [10.1980390271856, 51.1566222497147, 48.1663783151692, 48.0208288141719, 47.4341649025257, 34.928498393146, 34.2052627529741, 29.6141857899217, 29.0688837074973, 24.3515913237718, 20.2484567313166, 32.4499614791759, 4.12310562561766, 26.0192236625154, 10.295630140987, 10.295630140987, 15.6524758424985, 21.540659228538, 21.9317121994613, 35.3836120259083, 28, 34.8855270850248, 10.1980390271856, 26.9072480941474, 18, 27.6586333718787, 44.7772263544762, 20, 999, 21, 41], [21.4709105535839, 30.2654919008431, 27.2946881279124, 32.0156211871642, 32.4499614791759, 15.2643375224737, 15, 10, 13.9283882771841, 8.24621125123532, 7.28010988928052, 27.1661554144122, 17.0293863659264, 32.8024389337135, 27.5136329843952, 27.5136329843952, 31.3049516849971, 41.7731971484108, 41.9761837236307, 51.9711458407451, 49, 54.4058820349418, 21.4709105535839, 44.7772263544762, 27.6586333718787, 18, 26.9072480941474, 41, 21, 999, 20], [40.2616442783948, 10.770329614269, 8.06225774829855, 25, 27.0739727413618, 10.6301458127346, 12.0415945787923, 13.4164078649987, 19.8494332412792, 19.6977156035922, 23.0867927612304, 35.4682957019364, 37.0135110466435, 47.7074417675063, 46.8721665810319, 46.8721665810319, 50, 61.5223536610881, 61.660360037872, 70.0071424927486, 69, 73.7563556583431, 40.2616442783948, 63.6003144646314, 44.7772263544762, 26.9072480941474, 18, 61, 41, 20, 999]],
	"t":	[[999, 49.3659801887899, 48.0832611206852, 41.7851648315524, 40.7185461430047, 36.7151195013716, 31.0161248385416, 31.3847096529504, 24.1867732448956, 27.6586333718787, 17.2626765016321, 23.3452350598575, 11.1803398874989, 16.0312195418814, 7.07106781186548, 20.2484567313166, 9.8488578017961, 22.0907220343745, 29.0688837074973, 30.5286750449475, 31.6227766016838, 33.5410196624968, 999, 23.4093998214393, 8.24621125123532, 20.6155281280883, 39.8120584747888, 24.1660919471891, 10.1980390271856, 21.4709105535839, 40.2616442783948], [49.3659801887899, 999, 8.54400374531753, 23.259406699226, 25.9422435421457, 20.8086520466848, 18.6815416922694, 24.1660919471891, 26.5706605111728, 30.4630924234556, 32.1403173599764, 40.2243707222375, 47.2652091923859, 54.6260011349907, 56.2227711874824, 57.4891294072192, 58.8557558782486, 71.1125867902441, 72.1803297304744, 78.1600921186765, 79.1012010022604, 82.8733974204026, 49.3659801887899, 72.3671196055225, 52.8866712887094, 33.1058907144937, 17.2046505340853, 71.1125867902441, 51.1566222497147, 30.2654919008431, 10.770329614269], [48.0832611206852, 8.54400374531753, 999, 29.8328677803526, 32.2800247831379, 14.560219778561, 19.8494332412792, 19.1049731745428, 27.8028775489157, 25.3179778023443, 31.0161248385416, 43.139309220246, 44.1021541423999, 55.7584074378026, 54.571054598569, 53.2353266168247, 57.8705451849211, 69.0507060065283, 68.1835757349231, 78, 76.1051903617618, 81.4923309275173, 48.0832611206852, 71.4702735408225, 52.8015151297763, 34.828149534536, 23.0867927612304, 68.1175454637056, 48.1663783151692, 27.2946881279124, 8.06225774829855], [41.7851648315524, 23.259406699226, 29.8328677803526, 999, 2.82842712474619, 33.734255586866, 17.8885438199983, 33.2415402771893, 19.2093727122985, 37.589892258425, 28.4253408071038, 23.0867927612304, 45.2216762183801, 40.0124980474851, 48.7031826475437, 57.2013985843004, 49.2442890089805, 63.3245607959503, 69.8355210476732, 65.00769185258, 73.3893725276351, 72.5603197346869, 41.7851648315524, 61.400325732035, 41.5932686861708, 21.1896201004171, 7, 65.924198895398, 48.0208288141719, 32.0156211871642, 25], [40.7185461430047, 25.9422435421457, 32.2800247831379, 2.82842712474619, 999, 35.3553390593274, 18.9736659610103, 34.4818792991333, 19.1049731745428, 38.4837628097877, 28.2842712474619, 21, 44.8218696620299, 38.0131556174964, 47.5394572960189, 56.8506816142076, 47.8016736108685, 61.9838688692469, 69.1158447825099, 63.0079360080935, 72.2357252334328, 70.8590149522275, 40.7185461430047, 59.6824932455071, 40.024992192379, 20.1246117974981, 9.21954445729289, 64.8845127900333, 47.4341649025257, 32.4499614791759, 27.0739727413618], [36.7151195013716, 20.8086520466848, 14.560219778561, 33.734255586866, 35.3553390593274, 999, 17.0293863659264, 5.3851648071345, 22.4722050542442, 11, 21.2132034355964, 38.4837628097877, 30.8058436014987, 47.3814309619285, 42.5440947723653, 39.0128184062623, 46.5295604965274, 56.3205113613149, 54.0092584655631, 67.2309452558864, 62.5139984323511, 69.28924880528, 36.7151195013716, 59.9332962550868, 42.8018691180654, 29.0688837074973, 26.9258240356725, 54.5893762558247, 34.928498393146, 15.2643375224737, 10.6301458127346], [31.0161248385416, 18.6815416922694, 19.8494332412792, 17.8885438199983, 18.9736659610103, 17.0293863659264, 999, 15.52417469626, 8.06225774829855, 19.723082923316, 14.142135623731, 23.43074902772, 30.6757233003559, 36.2353418639869, 38, 42.0475920832573, 40.3112887414927, 53.0094331227943, 55.9732078766261, 59.4810894318522, 61.660360037872, 64.3816744112795, 31.0161248385416, 53.7587202228625, 34.2052627529741, 15, 12.0415945787923, 53.7587202228625, 34.2052627529741, 15, 12.0415945787923], [31.3847096529504, 24.1660919471891, 19.1049731745428, 33.2415402771893, 34.4818792991333, 5.3851648071345, 15.52417469626, 999, 19.2353840616713, 6.32455532033676, 16.4012194668567, 34.7850542618522, 25.4950975679639, 42.5205832509386, 37.1618083521241, 34.132096331752, 41.182520563948, 50.9607692249636, 49.0917508345343, 61.9112267686564, 57.3149195236284, 63.9061812346818, 31.3847096529504, 54.561891462815, 37.6430604494374, 25.298221281347, 26.8328157299975, 49.3659801887899, 29.6141857899217, 10, 13.4164078649987], [24.1867732448956, 26.5706605111728, 27.8028775489157, 19.2093727122985, 19.1049731745428, 22.4722050542442, 8.06225774829855, 19.2353840616713, 999, 21.2132034355964, 9.21954445729289, 16.1245154965971, 26.0768096208106, 28.1780056072107, 31.2569992161756, 38.0131556174964, 33.0151480384384, 46.2709412050371, 50.9901951359278, 51.662365412358, 55.5427763079953, 57.0788927713213, 24.1867732448956, 46.2709412050371, 26.4764045897475, 7.07106781186548, 15.8113883008419, 47.8016736108685, 29.0688837074973, 13.9283882771841, 19.8494332412792], [27.6586333718787, 30.4630924234556, 25.3179778023443, 37.589892258425, 38.4837628097877, 11, 19.723082923316, 6.32455532033676, 21.2132034355964, 999, 15.52417469626, 35.3553390593274, 20.2484567313166, 40.4969134626332, 32.7566787083184, 28.0178514522438, 37.2021504754766, 45.8802789878178, 43.0116263352131, 58.0086200490927, 51.6236379965612, 59.0931468107766, 27.6586333718787, 50.2493781056044, 34.7131099154196, 26.0768096208106, 31.6227766016838, 43.7378554572581, 24.3515913237718, 8.24621125123532, 19.6977156035922], [17.2626765016321, 32.1403173599764, 31.0161248385416, 28.4253408071038, 28.2842712474619, 21.2132034355964, 14.142135623731, 16.4012194668567, 9.21954445729289, 15.52417469626, 999, 20.0249843945008, 17, 26.1725046566048, 24.0831891575846, 28.8444102037119, 26.9258240356725, 39.0128184062623, 42.154477816716, 47.0106370941726, 47.5184174820669, 50.8035431835222, 17.2626765016321, 40.5215991787096, 21.9544984001001, 11.1803398874989, 24.5967477524977, 39.6232255123179, 20.2484567313166, 7.28010988928052, 23.0867927612304], [23.3452350598575, 40.2243707222375, 43.139309220246, 23.0867927612304, 21, 38.4837628097877, 23.43074902772, 34.7850542618522, 16.1245154965971, 35.3553390593274, 20.0249843945008, 999, 31.3049516849971, 17.0293863659264, 29.2061637330205, 42.7200187265877, 28.1780056072107, 42.485291572496, 52.3450093132096, 42.0119030752, 53.3385414123783, 50.2195181179589, 23.3452350598575, 39.0512483795333, 20.1246117974981, 9.48683298050514, 24.6981780704569, 46.6154480832267, 32.4499614791759, 27.1661554144122, 35.4682957019364], [11.1803398874989, 47.2652091923859, 44.1021541423999, 45.2216762183801, 44.8218696620299, 30.8058436014987, 30.6757233003559, 25.4950975679639, 26.0768096208106, 20.2484567313166, 17, 31.3049516849971, 999, 27.1661554144122, 13.4536240470737, 12.0415945787923, 18.6010752377383, 25.6320112359526, 25.298221281347, 38.8973006775534, 32.0156211871642, 38.9101529166874, 11.1803398874989, 30.6104557300279, 19.4164878389476, 25.4950975679639, 41.5932686861708, 24.0208242989286, 4.12310562561766, 17.0293863659264, 37.0135110466435], [16.0312195418814, 54.6260011349907, 55.7584074378026, 40.0124980474851, 38.0131556174964, 47.3814309619285, 36.2353418639869, 42.5205832509386, 28.1780056072107, 40.4969134626332, 26.1725046566048, 17.0293863659264, 27.1661554144122, 999, 18.0277563773199, 35.5105618091294, 14.422205101856, 27.6586333718787, 40.8166632639171, 25, 38.9486841883009, 33.5261092284804, 16.0312195418814, 22.4722050542442, 8.06225774829855, 21.540659228538, 40.7921561087423, 33.4215499341368, 26.0192236625154, 32.8024389337135, 47.7074417675063], [7.07106781186548, 56.2227711874824, 54.571054598569, 48.7031826475437, 47.5394572960189, 42.5440947723653, 38, 37.1618083521241, 31.2569992161756, 32.7566787083184, 24.0831891575846, 29.2061637330205, 13.4536240470737, 18.0277563773199, 999, 18, 5.3851648071345, 15.0332963783729, 23.43074902772, 25.4950975679639, 24.6981780704569, 26.9258240356725, 7.07106781186548, 17.4928556845359, 10.295630140987, 27.5136329843952, 46.8721665810319, 17.4928556845359, 10.295630140987, 27.5136329843952, 46.8721665810319], [20.2484567313166, 57.4891294072192, 53.2353266168247, 57.2013985843004, 56.8506816142076, 39.0128184062623, 42.0475920832573, 34.132096331752, 38.0131556174964, 28.0178514522438, 28.8444102037119, 42.7200187265877, 12.0415945787923, 35.5105618091294, 18, 999, 23.0867927612304, 22.6715680975093, 15, 39.8246155034798, 24.6981780704569, 36.0693775937429, 20.2484567313166, 30.886890422961, 27.459060435492, 37.4833296279826, 53.3385414123783, 17.4928556845359, 10.295630140987, 27.5136329843952, 46.8721665810319], [9.8488578017961, 58.8557558782486, 57.8705451849211, 49.2442890089805, 47.8016736108685, 46.5295604965274, 40.3112887414927, 41.182520563948, 33.0151480384384, 37.2021504754766, 26.9258240356725, 28.1780056072107, 18.6010752377383, 14.422205101856, 5.3851648071345, 23.0867927612304, 999, 14.3178210632764, 26.4196896272458, 20.8086520466848, 25.2388589282479, 24.0831891575846, 9.8488578017961, 13.6014705087354, 8.06225774829855, 28.2842712474619, 48.1663783151692, 19.1049731745428, 15.6524758424985, 31.3049516849971, 50], [22.0907220343745, 71.1125867902441, 69.0507060065283, 63.3245607959503, 61.9838688692469, 56.3205113613149, 53.0094331227943, 50.9607692249636, 46.2709412050371, 45.8802789878178, 39.0128184062623, 42.485291572496, 25.6320112359526, 27.6586333718787, 15.0332963783729, 22.6715680975093, 14.3178210632764, 999, 17, 18.4390889145858, 11.3137084989848, 13.6014705087354, 22.0907220343745, 10, 22.3606797749979, 42.2018956920184, 61.8142378421024, 8, 21.540659228538, 41.7731971484108, 61.5223536610881], [29.0688837074973, 72.1803297304744, 68.1835757349231, 69.8355210476732, 69.1158447825099, 54.0092584655631, 55.9732078766261, 49.0917508345343, 50.9901951359278, 43.0116263352131, 42.154477816716, 52.3450093132096, 25.298221281347, 40.8166632639171, 23.43074902772, 15, 26.4196896272458, 17, 999, 35.2278299076171, 12.0415945787923, 27.3130005674953, 29.0688837074973, 27, 33.6005952328229, 49.0917508345343, 66.7083203206317, 9, 21.9317121994613, 41.9761837236307, 61.660360037872], [30.5286750449475, 78.1600921186765, 78, 65.00769185258, 63.0079360080935, 67.2309452558864, 59.4810894318522, 61.9112267686564, 51.662365412358, 58.0086200490927, 47.0106370941726, 42.0119030752, 38.8973006775534, 25, 25.4950975679639, 39.8246155034798, 20.8086520466848, 18.4390889145858, 35.2278299076171, 999, 26.3058928759318, 12.2065556157337, 30.5286750449475, 8.94427190999916, 25.298221281347, 45.7055795281058, 65.4904573201318, 26.3058928759318, 35.3836120259083, 51.9711458407451, 70.0071424927486], [31.6227766016838, 79.1012010022604, 76.1051903617618, 73.3893725276351, 72.2357252334328, 62.5139984323511, 61.660360037872, 57.3149195236284, 55.5427763079953, 51.6236379965612, 47.5184174820669, 53.3385414123783, 32.0156211871642, 38.9486841883009, 24.6981780704569, 24.6981780704569, 25.2388589282479, 11.3137084989848, 12.0415945787923, 26.3058928759318, 999, 16.2788205960997, 31.6227766016838, 19.6977156035922, 33.2866339541865, 52.2015325445527, 71.3091859440283, 8, 28, 49, 69], [33.5410196624968, 82.8733974204026, 81.4923309275173, 72.5603197346869, 70.8590149522275, 69.28924880528, 64.3816744112795, 63.9061812346818, 57.0788927713213, 59.0931468107766, 50.8035431835222, 50.2195181179589, 38.9101529166874, 33.5261092284804, 26.9258240356725, 36.0693775937429, 24.0831891575846, 13.6014705087354, 27.3130005674953, 12.2065556157337, 16.2788205960997, 999, 33.5410196624968, 11.1803398874989, 31.0644491340181, 52.0384473250308, 72.0277724214764, 19.4164878389476, 34.8855270850248, 54.4058820349418, 73.7563556583431], [999, 49.3659801887899, 48.0832611206852, 41.7851648315524, 40.7185461430047, 36.7151195013716, 31.0161248385416, 31.3847096529504, 24.1867732448956, 27.6586333718787, 17.2626765016321, 23.3452350598575, 11.1803398874989, 16.0312195418814, 7.07106781186548, 20.2484567313166, 9.8488578017961, 22.0907220343745, 29.0688837074973, 30.5286750449475, 31.6227766016838, 33.5410196624968, 999, 23.4093998214393, 8.24621125123532, 20.6155281280883, 39.8120584747888, 24.1660919471891, 10.1980390271856, 21.4709105535839, 40.2616442783948], [23.4093998214393, 72.3671196055225, 71.4702735408225, 61.400325732035, 59.6824932455071, 59.9332962550868, 53.7587202228625, 54.561891462815, 46.2709412050371, 50.2493781056044, 40.5215991787096, 39.0512483795333, 30.6104557300279, 22.4722050542442, 17.4928556845359, 30.886890422961, 13.6014705087354, 10, 27, 8.94427190999916, 19.6977156035922, 11.1803398874989, 23.4093998214393, 999, 20, 41, 61, 18, 26.9072480941474, 44.7772263544762, 63.6003144646314], [8.24621125123532, 52.8866712887094, 52.8015151297763, 41.5932686861708, 40.024992192379, 42.8018691180654, 34.2052627529741, 37.6430604494374, 26.4764045897475, 34.7131099154196, 21.9544984001001, 20.1246117974981, 19.4164878389476, 8.06225774829855, 10.295630140987, 27.459060435492, 8.06225774829855, 22.3606797749979, 33.6005952328229, 25.298221281347, 33.2866339541865, 31.0644491340181, 8.24621125123532, 20, 999, 21, 41, 26.9072480941474, 18, 27.6586333718787, 44.7772263544762], [20.6155281280883, 33.1058907144937, 34.828149534536, 21.1896201004171, 20.1246117974981, 29.0688837074973, 15, 25.298221281347, 7.07106781186548, 26.0768096208106, 11.1803398874989, 9.48683298050514, 25.4950975679639, 21.540659228538, 27.5136329843952, 37.4833296279826, 28.2842712474619, 42.2018956920184, 49.0917508345343, 45.7055795281058, 52.2015325445527, 52.0384473250308, 20.6155281280883, 41, 21, 999, 20, 44.7772263544762, 27.6586333718787, 18, 26.9072480941474], [39.8120584747888, 17.2046505340853, 23.0867927612304, 7, 9.21954445729289, 26.9258240356725, 12.0415945787923, 26.8328157299975, 15.8113883008419, 31.6227766016838, 24.5967477524977, 24.6981780704569, 41.5932686861708, 40.7921561087423, 46.8721665810319, 53.3385414123783, 48.1663783151692, 61.8142378421024, 66.7083203206317, 65.4904573201318, 71.3091859440283, 72.0277724214764, 39.8120584747888, 61, 41, 20, 999, 63.6003144646314, 44.7772263544762, 26.9072480941474, 18], [24.1660919471891, 71.1125867902441, 68.1175454637056, 65.924198895398, 64.8845127900333, 54.5893762558247, 53.7587202228625, 49.3659801887899, 47.8016736108685, 43.7378554572581, 39.6232255123179, 46.6154480832267, 24.0208242989286, 33.4215499341368, 17.4928556845359, 17.4928556845359, 19.1049731745428, 8, 9, 26.3058928759318, 8, 19.4164878389476, 24.1660919471891, 18, 26.9072480941474, 44.7772263544762, 63.6003144646314, 999, 20, 41, 61], [10.1980390271856, 51.1566222497147, 48.1663783151692, 48.0208288141719, 47.4341649025257, 34.928498393146, 34.2052627529741, 29.6141857899217, 29.0688837074973, 24.3515913237718, 20.2484567313166, 32.4499614791759, 4.12310562561766, 26.0192236625154, 10.295630140987, 10.295630140987, 15.6524758424985, 21.540659228538, 21.9317121994613, 35.3836120259083, 28, 34.8855270850248, 10.1980390271856, 26.9072480941474, 18, 27.6586333718787, 44.7772263544762, 20, 999, 21, 41], [21.4709105535839, 30.2654919008431, 27.2946881279124, 32.0156211871642, 32.4499614791759, 15.2643375224737, 15, 10, 13.9283882771841, 8.24621125123532, 7.28010988928052, 27.1661554144122, 17.0293863659264, 32.8024389337135, 27.5136329843952, 27.5136329843952, 31.3049516849971, 41.7731971484108, 41.9761837236307, 51.9711458407451, 49, 54.4058820349418, 21.4709105535839, 44.7772263544762, 27.6586333718787, 18, 26.9072480941474, 41, 21, 999, 20], [40.2616442783948, 10.770329614269, 8.06225774829855, 25, 27.0739727413618, 10.6301458127346, 12.0415945787923, 13.4164078649987, 19.8494332412792, 19.6977156035922, 23.0867927612304, 35.4682957019364, 37.0135110466435, 47.7074417675063, 46.8721665810319, 46.8721665810319, 50, 61.5223536610881, 61.660360037872, 70.0071424927486, 69, 73.7563556583431, 40.2616442783948, 63.6003144646314, 44.7772263544762, 26.9072480941474, 18, 61, 41, 20, 999]],
