{
  "dist":[[0.00,22.00,25.06,26.00,9.06,11.05,12.04,15.03,16.03,19.03,21.02,6.32,7.28,8.25,9.22,12.17,14.14,15.13,16.12,18.11,19.10,20.10,4.24,5.00,5.83,6.71,9.49,10.44,13.34,15.30,16.28,4.00,4.12,4.47,5.00,12.65,15.52,17.46,11.18,14.87,16.76,17.72,6.00,12.53,13.42,15.23,17.09,18.97,20.88,12.21,13.04,15.65,16.55,20.25,22.14,12.81,15.26,17.00,17.89,19.70,20.62,21.54,9.00,14.21,15.00,16.64,18.36,20.12,21.93,10.00,10.20,10.77,11.66,13.45,15.62,18.03,19.72,21.47,23.26,11.00,11.18,11.70,12.53,13.04,13.60,14.21,15.56,17.03,17.80,19.42,20.25,21.95,23.71,15.62,16.28,17.69,19.21,22.47,24.19,13.04,17.69,20.62,21.40,23.85,14.14,17.20,18.44,19.10,20.52,21.26,23.60,15.30,18.60,19.85,21.93,22.67,25.00,25.81,16.49,19.42,20.00,24.84,17.72,20.25,21.40,22.02,22.67,23.35,24.04,25.50,27.02,18.97,21.10,22.20,24.08,20.25,21.02,21.95,23.02,23.60,25.50,26.87,22.83,23.85,25.00,26.25,23.26,24.19,25.24,27.02,25.06,27.20,28.43,26.42,27.46,29.21,30.48,26.40,26.83,27.78,28.30,29.41,30.00,31.89,27.73,28.65,30.23,32.02,28.64,29.53,30.53,32.20,32.20],[22.00,0.00,12.00,34.06,13.04,11.05,10.05,7.07,6.08,3.16,1.41,16.12,15.13,14.14,13.15,10.20,8.25,7.28,6.32,4.47,3.61,2.83,19.24,18.25,17.26,16.28,13.34,12.37,9.49,7.62,6.71,22.36,21.38,20.40,19.42,10.77,8.06,6.40,13.00,9.43,7.81,7.07,22.80,12.53,11.66,10.00,8.49,7.21,6.32,13.89,13.04,10.63,9.90,7.62,7.07,14.42,12.04,10.63,10.00,8.94,8.54,8.25,23.77,14.21,13.45,12.04,10.82,9.85,9.22,24.17,22.36,20.59,18.87,16.40,14.14,12.21,11.18,10.44,10.05,24.60,22.83,21.10,19.42,18.60,17.80,17.03,15.56,14.21,13.60,12.53,12.08,11.40,11.05,16.97,16.28,15.00,13.89,12.37,12.04,24.70,16.40,14.32,13.93,13.15,24.41,18.44,17.20,16.64,15.65,15.23,14.32,24.21,18.60,17.49,16.16,15.81,15.13,15.03,24.08,19.42,18.87,16.28,24.04,20.25,19.24,18.79,18.38,18.03,17.72,17.26,17.03,24.08,21.10,20.12,18.97,24.21,23.02,21.95,21.02,20.62,19.65,19.24,22.83,21.93,21.19,20.62,24.19,23.26,22.47,21.59,24.17,22.80,22.36,24.70,24.04,23.35,23.09,26.40,26.00,25.30,25.00,24.52,24.33,24.02,26.93,26.25,25.50,25.08,27.86,27.20,26.68,26.17,26.17],[25.06,12.00,0.00,26.08,17.03,15.56,14.87,13.04,12.53,11.40,11.05,18.87,18.03,17.20,16.40,14.14,12.81,12.21,11.66,10.77,10.44,10.20,21.02,20.12,19.24,18.36,15.81,15.00,12.73,11.40,10.82,23.41,22.47,21.54,20.62,12.81,10.63,9.43,13.89,10.63,9.22,8.60,22.80,12.53,11.66,10.00,8.49,7.21,6.32,13.00,12.08,9.43,8.60,5.83,5.10,12.65,9.85,8.06,7.21,5.66,5.00,4.47,22.20,11.40,10.44,8.54,6.71,5.00,3.61,22.09,20.10,18.11,16.12,13.15,10.20,7.28,5.39,3.61,2.24,22.02,20.02,18.03,16.03,15.03,14.04,13.04,11.05,9.06,8.06,6.08,5.10,3.16,1.41,12.00,11.00,9.00,7.00,3.00,1.00,21.02,10.05,6.08,5.10,2.24,20.10,12.17,10.20,9.22,7.28,6.32,3.61,19.24,11.40,9.49,6.71,5.83,3.61,3.16,18.44,11.70,10.77,5.00,17.72,12.08,10.30,9.43,8.60,7.81,7.07,5.83,5.10,17.09,12.53,10.82,8.49,16.55,14.76,13.04,11.40,10.63,8.60,7.62,13.60,12.04,10.63,9.43,15.00,13.45,12.04,10.30,14.14,11.66,10.77,14.21,13.04,11.70,11.18,16.28,15.62,14.42,13.89,13.00,12.65,12.04,16.40,15.26,13.93,13.15,17.20,16.12,15.23,14.32,26.93],[26.00,34.06,26.08,0.00,26.57,27.31,27.73,29.15,29.68,31.40,32.65,24.74,25.00,25.30,25.63,26.83,27.78,28.30,28.84,30.00,30.61,31.24,23.19,23.35,23.54,23.77,24.70,25.08,26.42,27.46,28.02,22.00,22.02,22.09,22.20,25.06,26.63,27.80,23.26,25.24,26.40,27.02,20.00,22.83,23.32,24.41,25.61,26.91,28.28,21.47,21.95,23.60,24.21,26.87,28.32,20.59,22.20,23.43,24.08,25.46,26.17,26.91,17.00,20.25,20.81,22.02,23.35,24.76,26.25,16.00,16.12,16.49,17.09,18.36,20.00,21.93,23.35,24.84,26.40,15.00,15.13,15.52,16.16,16.55,17.00,17.49,18.60,19.85,20.52,21.93,22.67,24.21,25.81,17.20,17.80,19.10,20.52,23.60,25.24,13.04,17.69,20.62,21.40,23.85,12.17,15.62,16.97,17.69,19.21,20.00,22.47,11.40,15.56,17.03,19.42,20.25,22.83,23.71,10.77,14.87,15.62,21.47,10.30,14.21,15.81,16.64,17.49,18.36,19.24,21.02,22.85,10.00,13.60,15.26,17.89,9.90,11.40,13.04,14.76,15.65,18.38,20.25,12.53,14.32,16.16,18.03,11.18,13.00,14.87,17.72,12.65,16.49,18.44,13.34,15.30,18.25,20.22,11.18,12.17,14.14,15.13,17.12,18.11,21.10,12.04,14.04,17.03,20.02,12.00,14.00,16.00,19.00,26.25],[9.06,13.04,17.03,26.57,0.00,2.00,3.00,6.00,7.00,10.00,12.00,3.16,2.24,1.41,1.00,3.16,5.10,6.08,7.07,9.06,10.05,11.05,6.32,5.39,4.47,3.61,2.00,2.24,4.47,6.32,7.28,9.49,8.54,7.62,6.71,4.24,6.71,8.54,4.12,6.40,8.06,8.94,10.30,5.39,5.83,7.07,8.60,10.30,12.08,6.08,6.32,7.81,8.49,11.66,13.42,7.07,8.06,9.22,9.90,11.40,12.21,13.04,12.04,8.25,8.54,9.43,10.63,12.04,13.60,12.73,11.40,10.30,9.49,9.00,9.49,10.82,12.04,13.45,15.00,13.45,12.21,11.18,10.44,10.20,10.05,10.00,10.20,10.77,11.18,12.21,12.81,14.14,15.62,11.05,11.18,11.70,12.53,14.87,16.28,14.42,12.37,13.89,14.42,16.28,14.76,13.04,13.34,13.60,14.32,14.76,16.40,15.23,14.14,14.56,15.65,16.12,17.80,18.44,15.81,15.13,15.30,18.03,16.49,16.12,16.49,16.76,17.09,17.46,17.89,18.87,20.00,17.26,17.12,17.46,18.38,18.11,18.00,18.11,18.44,18.68,19.70,20.59,19.10,19.42,19.92,20.62,20.02,20.22,20.62,21.54,21.21,22.14,22.85,22.36,22.80,23.77,24.60,23.09,23.19,23.54,23.77,24.35,24.70,25.94,24.19,24.52,25.30,26.40,25.18,25.50,25.96,26.93,25.96],[11.05,11.05,15.56,27.31,2.00,0.00,1.00,4.00,5.00,8.00,10.00,5.10,4.12,3.16,2.24,1.41,3.16,4.12,5.10,7.07,8.06,9.06,8.25,7.28,6.32,5.39,2.83,2.24,2.83,4.47,5.39,11.40,10.44,9.49,8.54,3.16,5.00,6.71,4.12,5.00,6.40,7.21,12.08,5.00,5.10,5.83,7.07,8.60,10.30,6.08,6.00,6.71,7.21,10.00,11.66,7.07,7.28,8.06,8.60,9.90,10.63,11.40,13.60,8.00,8.06,8.54,9.43,10.63,12.04,14.21,12.73,11.40,10.30,9.22,9.06,9.85,10.82,12.04,13.45,14.87,13.45,12.21,11.18,10.77,10.44,10.20,10.00,10.20,10.44,11.18,11.66,12.81,14.14,11.05,11.00,11.18,11.70,13.60,14.87,15.62,12.04,13.00,13.42,15.00,15.81,13.04,13.04,13.15,13.60,13.93,15.26,16.12,14.00,14.14,14.87,15.23,16.64,17.20,16.55,15.00,15.03,17.00,17.09,16.00,16.12,16.28,16.49,16.76,17.09,17.89,18.87,17.72,17.00,17.12,17.72,18.44,18.11,18.00,18.11,18.25,18.97,19.70,19.00,19.10,19.42,19.92,20.02,20.02,20.22,20.88,21.02,21.59,22.14,22.09,22.36,23.09,23.77,23.00,23.02,23.19,23.35,23.77,24.04,25.08,24.02,24.19,24.74,25.63,25.02,25.18,25.50,26.25,25.32],[12.04,10.05,14.87,27.73,3.00,1.00,0.00,3.00,4.00,7.00,9.00,6.08,5.10,4.12,3.16,1.00,2.24,3.16,4.12,6.08,7.07,8.06,9.22,8.25,7.28,6.32,3.61,2.83,2.24,3.61,4.47,12.37,11.40,10.44,9.49,3.00,4.24,5.83,4.47,4.47,5.66,6.40,13.00,5.10,5.00,5.39,6.40,7.81,9.43,6.32,6.08,6.32,6.71,9.22,10.82,7.28,7.07,7.62,8.06,9.22,9.90,10.63,14.42,8.06,8.00,8.25,8.94,10.00,11.31,15.00,13.45,12.04,10.82,9.49,9.00,9.49,10.30,11.40,12.73,15.62,14.14,12.81,11.66,11.18,10.77,10.44,10.05,10.05,10.20,10.77,11.18,12.21,13.45,11.18,11.05,11.05,11.40,13.04,14.21,16.28,12.00,12.65,13.00,14.42,16.40,13.15,13.00,13.04,13.34,13.60,14.76,16.64,14.04,14.04,14.56,14.87,16.12,16.64,17.00,15.03,15.00,16.55,17.46,16.03,16.03,16.12,16.28,16.49,16.76,17.46,18.36,18.03,17.03,17.03,17.46,18.68,18.25,18.03,18.03,18.11,18.68,19.31,19.03,19.03,19.24,19.65,20.10,20.00,20.10,20.62,21.00,21.38,21.84,22.02,22.20,22.80,23.41,23.02,23.00,23.09,23.19,23.54,23.77,24.70,24.00,24.08,24.52,25.30,25.00,25.08,25.32,25.96,25.18],[15.03,7.07,13.04,29.15,6.00,4.00,3.00,0.00,1.00,4.00,6.00,9.06,8.06,7.07,6.08,3.16,1.41,1.00,1.41,3.16,4.12,5.10,12.17,11.18,10.20,9.22,6.32,5.39,2.83,2.00,2.24,15.30,14.32,13.34,12.37,4.24,3.00,3.61,6.40,4.12,4.12,4.47,15.81,6.40,5.83,5.10,5.10,5.83,7.07,7.81,7.21,6.08,6.00,7.21,8.49,8.60,7.28,7.00,7.07,7.62,8.06,8.60,17.00,8.94,8.54,8.06,8.06,8.54,9.43,17.49,15.81,14.21,12.73,10.82,9.49,9.00,9.22,9.85,10.82,18.03,16.40,14.87,13.45,12.81,12.21,11.66,10.77,10.20,10.05,10.05,10.20,10.77,11.66,12.08,11.70,11.18,11.00,11.70,12.53,18.44,12.37,12.04,12.17,13.00,18.38,13.93,13.34,13.15,13.00,13.04,13.60,18.44,14.56,14.14,14.04,14.14,14.87,15.23,18.60,15.52,15.30,15.52,18.87,16.49,16.12,16.03,16.00,16.03,16.12,16.49,17.09,19.24,17.46,17.12,17.03,19.70,18.97,18.44,18.11,18.03,18.11,18.44,19.42,19.10,19.00,19.10,20.62,20.22,20.02,20.10,21.21,21.02,21.21,22.09,22.00,22.20,22.56,23.35,23.19,23.02,23.00,23.09,23.19,23.77,24.19,24.02,24.08,24.52,25.18,25.02,25.02,25.32,25.00],[16.03,6.08,12.53,29.68,7.00,5.00,4.00,1.00,0.00,3.00,5.00,10.05,9.06,8.06,7.07,4.12,2.24,1.41,1.00,2.24,3.16,4.12,13.15,12.17,11.18,10.20,7.28,6.32,3.61,2.24,2.00,16.28,15.30,14.32,13.34,5.00,3.16,3.16,7.21,4.47,4.00,4.12,16.76,7.07,6.40,5.39,5.00,5.39,6.40,8.49,7.81,6.32,6.08,6.71,7.81,9.22,7.62,7.07,7.00,7.28,7.62,8.06,17.89,9.43,8.94,8.25,8.00,8.25,8.94,18.36,16.64,15.00,13.45,11.40,9.85,9.06,9.06,9.49,10.30,18.87,17.20,15.62,14.14,13.45,12.81,12.21,11.18,10.44,10.20,10.00,10.05,10.44,11.18,12.53,12.08,11.40,11.05,11.40,12.08,19.21,12.65,12.00,12.04,12.65,19.10,14.32,13.60,13.34,13.04,13.00,13.34,19.10,14.87,14.32,14.00,14.04,14.56,14.87,19.21,15.81,15.52,15.30,19.42,16.76,16.28,16.12,16.03,16.00,16.03,16.28,16.76,19.72,17.72,17.26,17.00,20.12,19.31,18.68,18.25,18.11,18.03,18.25,19.65,19.24,19.03,19.03,20.88,20.40,20.10,20.02,21.38,21.00,21.10,22.20,22.02,22.09,22.36,23.54,23.35,23.09,23.02,23.02,23.09,23.54,24.33,24.08,24.02,24.33,25.32,25.08,25.00,25.18,25.08],[19.03,3.16,11.40,31.40,10.00,8.00,7.00,4.00,3.00,0.00,2.00,13.04,12.04,11.05,10.05,7.07,5.10,4.12,3.16,1.41,1.00,1.41,16.12,15.13,14.14,13.15,10.20,9.22,6.32,4.47,3.61,19.24,18.25,17.26,16.28,7.62,5.00,3.61,9.85,6.40,5.00,4.47,19.65,9.43,8.60,7.07,5.83,5.10,5.10,10.82,10.00,7.81,7.21,6.00,6.32,11.40,9.22,8.06,7.62,7.07,7.00,7.07,20.62,11.31,10.63,9.43,8.54,8.06,8.06,21.02,19.24,17.49,15.81,13.45,11.40,9.85,9.22,9.00,9.22,21.47,19.72,18.03,16.40,15.62,14.87,14.14,12.81,11.66,11.18,10.44,10.20,10.00,10.20,14.21,13.60,12.53,11.70,11.00,11.18,21.63,13.89,12.37,12.17,12.04,21.40,15.81,14.76,14.32,13.60,13.34,13.00,21.26,16.12,15.23,14.32,14.14,14.04,14.14,21.21,17.00,16.55,15.00,21.26,17.89,17.09,16.76,16.49,16.28,16.12,16.00,16.12,21.40,18.79,18.03,17.26,21.63,20.59,19.70,18.97,18.68,18.11,18.00,20.62,19.92,19.42,19.10,21.93,21.19,20.62,20.10,22.14,21.21,21.02,22.80,22.36,22.02,22.02,24.35,24.04,23.54,23.35,23.09,23.02,23.09,25.00,24.52,24.08,24.02,25.96,25.50,25.18,25.00,27.29],[21.02,1.41,11.05,32.65,12.00,10.00,9.00,6.00,5.00,2.00,0.00,15.03,14.04,13.04,12.04,9.06,7.07,6.08,5.10,3.16,2.24,1.41,18.11,17.12,16.12,15.13,12.17,11.18,8.25,6.32,5.39,21.21,20.22,19.24,18.25,9.49,6.71,5.00,11.70,8.06,6.40,5.66,21.59,11.18,10.30,8.60,7.07,5.83,5.10,12.53,11.66,9.22,8.49,6.32,6.00,13.04,10.63,9.22,8.60,7.62,7.28,7.07,22.47,12.81,12.04,10.63,9.43,8.54,8.06,22.85,21.02,19.24,17.49,15.00,12.73,10.82,9.85,9.22,9.00,23.26,21.47,19.72,18.03,17.20,16.40,15.62,14.14,12.81,12.21,11.18,10.77,10.20,10.00,15.56,14.87,13.60,12.53,11.18,11.00,23.32,15.00,13.00,12.65,12.04,23.02,17.03,15.81,15.26,14.32,13.93,13.15,22.80,17.20,16.12,14.87,14.56,14.04,14.00,22.67,18.03,17.49,15.13,22.63,18.87,17.89,17.46,17.09,16.76,16.49,16.12,16.00,22.67,19.72,18.79,17.72,22.80,21.63,20.59,19.70,19.31,18.44,18.11,21.47,20.62,19.92,19.42,22.83,21.93,21.19,20.40,22.85,21.59,21.21,23.41,22.80,22.20,22.02,25.08,24.70,24.04,23.77,23.35,23.19,23.00,25.63,25.00,24.33,24.02,26.57,25.96,25.50,25.08,26.83],[6.32,16.12,18.87,24.74,3.16,5.10,6.08,9.06,10.05,13.04,15.03,0.00,1.00,2.00,3.00,6.00,8.00,9.00,10.00,12.00,13.00,14.00,3.16,2.24,1.41,1.00,3.16,4.12,7.07,9.06,10.05,6.32,5.39,4.47,3.61,6.32,9.22,11.18,5.00,8.54,10.44,11.40,7.21,6.40,7.21,8.94,10.77,12.65,14.56,6.40,7.07,9.43,10.30,13.93,15.81,7.21,9.22,10.82,11.66,13.42,14.32,15.23,9.22,8.60,9.22,10.63,12.21,13.89,15.65,10.00,8.94,8.25,8.00,8.54,10.00,12.04,13.60,15.26,17.00,10.82,9.85,9.22,9.00,9.06,9.22,9.49,10.30,11.40,12.04,13.45,14.21,15.81,17.49,10.77,11.18,12.21,13.45,16.40,18.03,12.08,12.53,14.87,15.56,17.80,12.65,12.65,13.42,13.89,15.00,15.62,17.69,13.34,13.93,14.76,16.40,17.03,19.10,19.85,14.14,14.87,15.23,19.10,15.03,15.81,16.55,17.00,17.49,18.03,18.60,19.85,21.21,16.00,16.76,17.46,18.87,17.03,17.26,17.72,18.38,18.79,20.25,21.40,18.68,19.31,20.12,21.10,19.42,19.92,20.62,21.95,20.88,22.36,23.32,22.14,22.85,24.19,25.24,22.56,22.80,23.41,23.77,24.60,25.06,26.63,23.77,24.35,25.50,26.93,24.74,25.30,26.00,27.29,26.40],[7.28,15.13,18.03,25.00,2.24,4.12,5.10,8.06,9.06,12.04,14.04,1.00,0.00,1.00,2.00,5.00,7.00,8.00,9.00,11.00,12.00,13.00,4.12,3.16,2.24,1.41,2.24,3.16,6.08,8.06,9.06,7.28,6.32,5.39,4.47,5.39,8.25,10.20,4.24,7.62,9.49,10.44,8.06,5.66,6.40,8.06,9.85,11.70,13.60,5.83,6.40,8.60,9.43,13.00,14.87,6.71,8.49,10.00,10.82,12.53,13.42,14.32,9.90,8.06,8.60,9.90,11.40,13.04,14.76,10.63,9.43,8.54,8.06,8.25,9.43,11.31,12.81,14.42,16.12,11.40,10.30,9.49,9.06,9.00,9.06,9.22,9.85,10.82,11.40,12.73,13.45,15.00,16.64,10.44,10.77,11.66,12.81,15.62,17.20,12.53,12.08,14.21,14.87,17.03,13.00,12.37,13.00,13.42,14.42,15.00,16.97,13.60,13.60,14.32,15.81,16.40,18.38,19.10,14.32,14.56,14.87,18.44,15.13,15.52,16.16,16.55,17.00,17.49,18.03,19.21,20.52,16.03,16.49,17.09,18.36,17.00,17.12,17.46,18.03,18.38,19.72,20.81,18.44,18.97,19.70,20.59,19.24,19.65,20.25,21.47,20.62,21.93,22.83,21.84,22.47,23.71,24.70,22.36,22.56,23.09,23.41,24.17,24.60,26.08,23.54,24.04,25.08,26.42,24.52,25.00,25.63,26.83,26.00],[8.25,14.14,17.20,25.30,1.41,3.16,4.12,7.07,8.06,11.05,13.04,2.00,1.00,0.00,1.00,4.00,6.00,7.00,8.00,10.00,11.00,12.00,5.10,4.12,3.16,2.24,1.41,2.24,5.10,7.07,8.06,8.25,7.28,6.32,5.39,4.47,7.28,9.22,3.61,6.71,8.54,9.49,8.94,5.00,5.66,7.21,8.94,10.77,12.65,5.39,5.83,7.81,8.60,12.08,13.93,6.32,7.81,9.22,10.00,11.66,12.53,13.42,10.63,7.62,8.06,9.22,10.63,12.21,13.89,11.31,10.00,8.94,8.25,8.06,8.94,10.63,12.04,13.60,15.26,12.04,10.82,9.85,9.22,9.06,9.00,9.06,9.49,10.30,10.82,12.04,12.73,14.21,15.81,10.20,10.44,11.18,12.21,14.87,16.40,13.04,11.70,13.60,14.21,16.28,13.42,12.17,12.65,13.00,13.89,14.42,16.28,13.93,13.34,13.93,15.26,15.81,17.69,18.38,14.56,14.32,14.56,17.80,15.30,15.30,15.81,16.16,16.55,17.00,17.49,18.60,19.85,16.12,16.28,16.76,17.89,17.03,17.03,17.26,17.72,18.03,19.24,20.25,18.25,18.68,19.31,20.12,19.10,19.42,19.92,21.02,20.40,21.54,22.36,21.59,22.14,23.26,24.19,22.20,22.36,22.80,23.09,23.77,24.17,25.55,23.35,23.77,24.70,25.94,24.33,24.74,25.30,26.40,25.00],[9.22,13.15,16.40,25.63,1.00,2.24,3.16,6.08,7.07,10.05,12.04,3.00,2.00,1.00,0.00,3.00,5.00,6.00,7.00,9.00,10.00,11.00,6.08,5.10,4.12,3.16,1.00,1.41,4.12,6.08,7.07,9.22,8.25,7.28,6.32,3.61,6.32,8.25,3.16,5.83,7.62,8.54,9.85,4.47,5.00,6.40,8.06,9.85,11.70,5.10,5.39,7.07,7.81,11.18,13.00,6.08,7.21,8.49,9.22,10.82,11.66,12.53,11.40,7.28,7.62,8.60,9.90,11.40,13.04,12.04,10.63,9.43,8.54,8.00,8.54,10.00,11.31,12.81,14.42,12.73,11.40,10.30,9.49,9.22,9.06,9.00,9.22,9.85,10.30,11.40,12.04,13.45,15.00,10.05,10.20,10.77,11.66,14.14,15.62,13.60,11.40,13.04,13.60,15.56,13.89,12.04,12.37,12.65,13.42,13.89,15.62,14.32,13.15,13.60,14.76,15.26,17.03,17.69,14.87,14.14,14.32,17.20,15.52,15.13,15.52,15.81,16.16,16.55,17.00,18.03,19.21,16.28,16.12,16.49,17.46,17.12,17.00,17.12,17.46,17.72,18.79,19.72,18.11,18.44,18.97,19.70,19.03,19.24,19.65,20.62,20.22,21.19,21.93,21.38,21.84,22.85,23.71,22.09,22.20,22.56,22.80,23.41,23.77,25.06,23.19,23.54,24.35,25.50,24.19,24.52,25.00,26.00,24.52],[12.17,10.20,14.14,26.83,3.16,1.41,1.00,3.16,4.12,7.07,9.06,6.00,5.00,4.00,3.00,0.00,2.00,3.00,4.00,6.00,7.00,8.00,9.06,8.06,7.07,6.08,3.16,2.24,1.41,3.16,4.12,12.17,11.18,10.20,9.22,2.00,3.61,5.39,3.61,3.61,5.00,5.83,12.65,4.12,4.00,4.47,5.66,7.21,8.94,5.39,5.10,5.39,5.83,8.60,10.30,6.32,6.08,6.71,7.21,8.49,9.22,10.00,13.89,7.07,7.00,7.28,8.06,9.22,10.63,14.42,12.81,11.31,10.00,8.54,8.00,8.54,9.43,10.63,12.04,15.00,13.45,12.04,10.82,10.30,9.85,9.49,9.06,9.06,9.22,9.85,10.30,11.40,12.73,10.20,10.05,10.05,10.44,12.21,13.45,15.56,11.00,11.70,12.08,13.60,15.62,12.17,12.00,12.04,12.37,12.65,13.89,15.81,13.04,13.04,13.60,13.93,15.26,15.81,16.12,14.04,14.00,15.65,16.55,15.03,15.03,15.13,15.30,15.52,15.81,16.55,17.49,17.09,16.03,16.03,16.49,17.72,17.26,17.03,17.03,17.12,17.72,18.38,18.03,18.03,18.25,18.68,19.10,19.00,19.10,19.65,20.00,20.40,20.88,21.02,21.21,21.84,22.47,22.02,22.00,22.09,22.20,22.56,22.80,23.77,23.00,23.09,23.54,24.35,24.00,24.08,24.33,25.00,24.33],[14.14,8.25,12.81,27.78,5.10,3.16,2.24,1.41,2.24,5.10,7.07,8.00,7.00,6.00,5.00,2.00,0.00,1.00,2.00,4.00,5.00,6.00,11.05,10.05,9.06,8.06,5.10,4.12,1.41,1.41,2.24,14.14,13.15,12.17,11.18,2.83,2.24,3.61,5.00,3.00,3.61,4.24,14.56,5.00,4.47,4.00,4.47,5.66,7.21,6.40,5.83,5.00,5.10,7.07,8.60,7.21,6.08,6.08,6.32,7.21,7.81,8.49,15.65,7.62,7.28,7.00,7.28,8.06,9.22,16.12,14.42,12.81,11.31,9.43,8.25,8.06,8.54,9.43,10.63,16.64,15.00,13.45,12.04,11.40,10.82,10.30,9.49,9.06,9.00,9.22,9.49,10.30,11.40,10.77,10.44,10.05,10.05,11.18,12.21,17.03,11.18,11.18,11.40,12.53,16.97,12.65,12.17,12.04,12.04,12.17,13.00,17.03,13.34,13.04,13.15,13.34,14.32,14.76,17.20,14.32,14.14,14.87,17.49,15.30,15.03,15.00,15.03,15.13,15.30,15.81,16.55,17.89,16.28,16.03,16.12,18.38,17.72,17.26,17.03,17.00,17.26,17.72,18.25,18.03,18.03,18.25,19.42,19.10,19.00,19.24,20.10,20.10,20.40,21.02,21.02,21.38,21.84,22.20,22.09,22.00,22.02,22.20,22.36,23.09,23.09,23.00,23.19,23.77,24.08,24.00,24.08,24.52,24.19],[15.13,7.28,12.21,28.30,6.08,4.12,3.16,1.00,1.41,4.12,6.08,9.00,8.00,7.00,6.00,3.00,1.00,0.00,1.00,3.00,4.00,5.00,12.04,11.05,10.05,9.06,6.08,5.10,2.24,1.00,1.41,15.13,14.14,13.15,12.17,3.61,2.00,2.83,5.83,3.16,3.16,3.61,15.52,5.66,5.00,4.12,4.12,5.00,6.40,7.07,6.40,5.10,5.00,6.40,7.81,7.81,6.32,6.00,6.08,6.71,7.21,7.81,16.55,8.06,7.62,7.07,7.07,7.62,8.60,17.00,15.26,13.60,12.04,10.00,8.54,8.00,8.25,8.94,10.00,17.49,15.81,14.21,12.73,12.04,11.40,10.82,9.85,9.22,9.06,9.06,9.22,9.85,10.82,11.18,10.77,10.20,10.00,10.77,11.66,17.80,11.40,11.05,11.18,12.08,17.69,13.00,12.37,12.17,12.00,12.04,12.65,17.69,13.60,13.15,13.04,13.15,13.93,14.32,17.80,14.56,14.32,14.56,18.03,15.52,15.13,15.03,15.00,15.03,15.13,15.52,16.16,18.36,16.49,16.12,16.03,18.79,18.03,17.46,17.12,17.03,17.12,17.46,18.44,18.11,18.00,18.11,19.65,19.24,19.03,19.10,20.22,20.02,20.22,21.10,21.00,21.21,21.59,22.36,22.20,22.02,22.00,22.09,22.20,22.80,23.19,23.02,23.09,23.54,24.19,24.02,24.02,24.33,24.02],[16.12,6.32,11.66,28.84,7.07,5.10,4.12,1.41,1.00,3.16,5.10,10.00,9.00,8.00,7.00,4.00,2.00,1.00,0.00,2.00,3.00,4.00,13.04,12.04,11.05,10.05,7.07,6.08,3.16,1.41,1.00,16.12,15.13,14.14,13.15,4.47,2.24,2.24,6.71,3.61,3.00,3.16,16.49,6.40,5.66,4.47,4.00,4.47,5.66,7.81,7.07,5.39,5.10,5.83,7.07,8.49,6.71,6.08,6.00,6.32,6.71,7.21,17.46,8.60,8.06,7.28,7.00,7.28,8.06,17.89,16.12,14.42,12.81,10.63,8.94,8.06,8.06,8.54,9.43,18.36,16.64,15.00,13.45,12.73,12.04,11.40,10.30,9.49,9.22,9.00,9.06,9.49,10.30,11.66,11.18,10.44,10.05,10.44,11.18,18.60,11.70,11.00,11.05,11.70,18.44,13.42,12.65,12.37,12.04,12.00,12.37,18.38,13.93,13.34,13.00,13.04,13.60,13.93,18.44,14.87,14.56,14.32,18.60,15.81,15.30,15.13,15.03,15.00,15.03,15.30,15.81,18.87,16.76,16.28,16.00,19.24,18.38,17.72,17.26,17.12,17.03,17.26,18.68,18.25,18.03,18.03,19.92,19.42,19.10,19.03,20.40,20.00,20.10,21.21,21.02,21.10,21.38,22.56,22.36,22.09,22.02,22.02,22.09,22.56,23.35,23.09,23.02,23.35,24.33,24.08,24.00,24.19,24.00],[18.11,4.47,10.77,30.00,9.06,7.07,6.08,3.16,2.24,1.41,3.16,12.00,11.00,10.00,9.00,6.00,4.00,3.00,2.00,0.00,1.00,2.00,15.03,14.04,13.04,12.04,9.06,8.06,5.10,3.16,2.24,18.11,17.12,16.12,15.13,6.32,3.61,2.24,8.54,5.00,3.61,3.16,18.44,8.06,7.21,5.66,4.47,4.00,4.47,9.43,8.60,6.40,5.83,5.10,5.83,10.00,7.81,6.71,6.32,6.00,6.08,6.32,19.31,9.90,9.22,8.06,7.28,7.00,7.28,19.70,17.89,16.12,14.42,12.04,10.00,8.54,8.06,8.06,8.54,20.12,18.36,16.64,15.00,14.21,13.45,12.73,11.40,10.30,9.85,9.22,9.06,9.06,9.49,12.81,12.21,11.18,10.44,10.05,10.44,20.25,12.53,11.18,11.05,11.18,20.00,14.42,13.42,13.00,12.37,12.17,12.04,19.85,14.76,13.93,13.15,13.04,13.15,13.34,19.80,15.65,15.23,14.04,19.85,16.55,15.81,15.52,15.30,15.13,15.03,15.03,15.30,20.00,17.46,16.76,16.12,20.25,19.24,18.38,17.72,17.46,17.03,17.03,19.31,18.68,18.25,18.03,20.62,19.92,19.42,19.03,20.88,20.10,20.00,21.59,21.21,21.00,21.10,23.09,22.80,22.36,22.20,22.02,22.00,22.20,23.77,23.35,23.02,23.09,24.74,24.33,24.08,24.02,24.02],[19.10,3.61,10.44,30.61,10.05,8.06,7.07,4.12,3.16,1.00,2.24,13.00,12.00,11.00,10.00,7.00,5.00,4.00,3.00,1.00,0.00,1.00,16.03,15.03,14.04,13.04,10.05,9.06,6.08,4.12,3.16,19.10,18.11,17.12,16.12,7.28,4.47,2.83,9.49,5.83,4.24,3.61,19.42,8.94,8.06,6.40,5.00,4.12,4.12,10.30,9.43,7.07,6.40,5.00,5.39,10.82,8.49,7.21,6.71,6.08,6.00,6.08,20.25,10.63,9.90,8.60,7.62,7.07,7.07,20.62,18.79,17.00,15.26,12.81,10.63,8.94,8.25,8.00,8.25,21.02,19.24,17.49,15.81,15.00,14.21,13.45,12.04,10.82,10.30,9.49,9.22,9.00,9.22,13.45,12.81,11.66,10.77,10.00,10.20,21.10,13.04,11.40,11.18,11.05,20.81,15.00,13.89,13.42,12.65,12.37,12.00,20.62,15.26,14.32,13.34,13.15,13.04,13.15,20.52,16.12,15.65,14.00,20.52,17.00,16.16,15.81,15.52,15.30,15.13,15.00,15.13,20.62,17.89,17.09,16.28,20.81,19.72,18.79,18.03,17.72,17.12,17.00,19.70,18.97,18.44,18.11,21.02,20.25,19.65,19.10,21.19,20.22,20.02,21.84,21.38,21.02,21.02,23.41,23.09,22.56,22.36,22.09,22.02,22.09,24.04,23.54,23.09,23.02,25.00,24.52,24.19,24.00,28.02],[20.10,2.83,10.20,31.24,11.05,9.06,8.06,5.10,4.12,1.41,1.41,14.00,13.00,12.00,11.00,8.00,6.00,5.00,4.00,2.00,1.00,0.00,17.03,16.03,15.03,14.04,11.05,10.05,7.07,5.10,4.12,20.10,19.10,18.11,17.12,8.25,5.39,3.61,10.44,6.71,5.00,4.24,20.40,9.85,8.94,7.21,5.66,4.47,4.00,11.18,10.30,7.81,7.07,5.10,5.10,11.66,9.22,7.81,7.21,6.32,6.08,6.00,21.19,11.40,10.63,9.22,8.06,7.28,7.00,21.54,19.70,17.89,16.12,13.60,11.31,9.43,8.54,8.06,8.06,21.93,20.12,18.36,16.64,15.81,15.00,14.21,12.73,11.40,10.82,9.85,9.49,9.06,9.06,14.14,13.45,12.21,11.18,10.05,10.05,21.95,13.60,11.70,11.40,11.00,21.63,15.62,14.42,13.89,13.00,12.65,12.04,21.40,15.81,14.76,13.60,13.34,13.00,13.04,21.26,16.64,16.12,14.04,21.21,17.49,16.55,16.16,15.81,15.52,15.30,15.03,15.03,21.26,18.36,17.46,16.49,21.40,20.25,19.24,18.38,18.03,17.26,17.03,20.12,19.31,18.68,18.25,21.47,20.62,19.92,19.24,21.54,20.40,20.10,22.14,21.59,21.10,21.00,23.77,23.41,22.80,22.56,22.20,22.09,22.02,24.35,23.77,23.19,23.00,25.30,24.74,24.33,24.02,27.46],[4.24,19.24,21.02,23.19,6.32,8.25,9.22,12.17,13.15,16.12,18.11,3.16,4.12,5.10,6.08,9.06,11.05,12.04,13.04,15.03,16.03,17.03,0.00,1.00,2.00,3.00,6.00,7.00,10.00,12.00,13.00,3.16,2.24,1.41,1.00,9.06,12.04,14.04,7.28,11.18,13.15,14.14,4.24,8.54,9.49,11.40,13.34,15.30,17.26,8.06,8.94,11.70,12.65,16.49,18.44,8.60,11.18,13.00,13.93,15.81,16.76,17.72,6.71,10.00,10.82,12.53,14.32,16.16,18.03,7.62,7.07,7.07,7.62,9.22,11.40,13.89,15.65,17.46,19.31,8.54,8.06,8.06,8.54,8.94,9.43,10.00,11.31,12.81,13.60,15.26,16.12,17.89,19.70,11.40,12.04,13.45,15.00,18.36,20.12,10.20,13.45,16.40,17.20,19.72,11.05,13.04,14.21,14.87,16.28,17.03,19.42,12.00,14.42,15.62,17.69,18.44,20.81,21.63,13.04,15.26,15.81,20.62,14.14,16.12,17.20,17.80,18.44,19.10,19.80,21.26,22.80,15.30,17.00,18.03,19.85,16.49,17.09,17.89,18.87,19.42,21.26,22.63,18.79,19.72,20.81,22.02,19.31,20.12,21.10,22.80,21.02,23.02,24.21,22.36,23.32,25.00,26.25,22.47,22.85,23.71,24.19,25.24,25.81,27.66,23.77,24.60,26.08,27.80,24.70,25.50,26.42,28.02,26.93],[5.00,18.25,20.12,23.35,5.39,7.28,8.25,11.18,12.17,15.13,17.12,2.24,3.16,4.12,5.10,8.06,10.05,11.05,12.04,14.04,15.03,16.03,1.00,0.00,1.00,2.00,5.00,6.00,9.00,11.00,12.00,4.12,3.16,2.24,1.41,8.06,11.05,13.04,6.32,10.20,12.17,13.15,5.00,7.62,8.54,10.44,12.37,14.32,16.28,7.21,8.06,10.77,11.70,15.52,17.46,7.81,10.30,12.08,13.00,14.87,15.81,16.76,7.21,9.22,10.00,11.66,13.42,15.23,17.09,8.06,7.28,7.00,7.28,8.60,10.63,13.04,14.76,16.55,18.38,8.94,8.25,8.00,8.25,8.54,8.94,9.43,10.63,12.04,12.81,14.42,15.26,17.00,18.79,10.82,11.40,12.73,14.21,17.49,19.24,10.44,12.81,15.62,16.40,18.87,11.18,12.53,13.60,14.21,15.56,16.28,18.60,12.04,13.89,15.00,16.97,17.69,20.00,20.81,13.00,14.76,15.26,19.85,14.04,15.65,16.64,17.20,17.80,18.44,19.10,20.52,22.02,15.13,16.55,17.49,19.21,16.28,16.76,17.46,18.36,18.87,20.62,21.93,18.38,19.24,20.25,21.40,18.97,19.70,20.59,22.20,20.62,22.47,23.60,21.93,22.83,24.41,25.61,22.14,22.47,23.26,23.71,24.70,25.24,27.02,23.41,24.17,25.55,27.20,24.35,25.08,25.94,27.46,26.42],[5.83,17.26,19.24,23.54,4.47,6.32,7.28,10.20,11.18,14.14,16.12,1.41,2.24,3.16,4.12,7.07,9.06,10.05,11.05,13.04,14.04,15.03,2.00,1.00,0.00,1.00,4.00,5.00,8.00,10.00,11.00,5.10,4.12,3.16,2.24,7.07,10.05,12.04,5.39,9.22,11.18,12.17,5.83,6.71,7.62,9.49,11.40,13.34,15.30,6.40,7.21,9.85,10.77,14.56,16.49,7.07,9.43,11.18,12.08,13.93,14.87,15.81,7.81,8.49,9.22,10.82,12.53,14.32,16.16,8.60,7.62,7.07,7.07,8.06,9.90,12.21,13.89,15.65,17.46,9.43,8.54,8.06,8.06,8.25,8.54,8.94,10.00,11.31,12.04,13.60,14.42,16.12,17.89,10.30,10.82,12.04,13.45,16.64,18.36,10.77,12.21,14.87,15.62,18.03,11.40,12.08,13.04,13.60,14.87,15.56,17.80,12.17,13.42,14.42,16.28,16.97,19.21,20.00,13.04,14.32,14.76,19.10,14.00,15.23,16.12,16.64,17.20,17.80,18.44,19.80,21.26,15.03,16.16,17.00,18.60,16.12,16.49,17.09,17.89,18.36,20.00,21.26,18.03,18.79,19.72,20.81,18.68,19.31,20.12,21.63,20.25,21.95,23.02,21.54,22.36,23.85,25.00,21.84,22.14,22.85,23.26,24.19,24.70,26.40,23.09,23.77,25.06,26.63,24.04,24.70,25.50,26.93,25.08],[6.71,16.28,18.36,23.77,3.61,5.39,6.32,9.22,10.20,13.15,15.13,1.00,1.41,2.24,3.16,6.08,8.06,9.06,10.05,12.04,13.04,14.04,3.00,2.00,1.00,0.00,3.00,4.00,7.00,9.00,10.00,6.08,5.10,4.12,3.16,6.08,9.06,11.05,4.47,8.25,10.20,11.18,6.71,5.83,6.71,8.54,10.44,12.37,14.32,5.66,6.40,8.94,9.85,13.60,15.52,6.40,8.60,10.30,11.18,13.00,13.93,14.87,8.49,7.81,8.49,10.00,11.66,13.42,15.23,9.22,8.06,7.28,7.00,7.62,9.22,11.40,13.04,14.76,16.55,10.00,8.94,8.25,8.00,8.06,8.25,8.54,9.43,10.63,11.31,12.81,13.60,15.26,17.00,9.85,10.30,11.40,12.73,15.81,17.49,11.18,11.66,14.14,14.87,17.20,11.70,11.70,12.53,13.04,14.21,14.87,17.03,12.37,13.00,13.89,15.62,16.28,18.44,19.21,13.15,13.93,14.32,18.38,14.04,14.87,15.65,16.12,16.64,17.20,17.80,19.10,20.52,15.00,15.81,16.55,18.03,16.03,16.28,16.76,17.46,17.89,19.42,20.62,17.72,18.38,19.24,20.25,18.44,18.97,19.70,21.10,19.92,21.47,22.47,21.19,21.93,23.32,24.41,21.59,21.84,22.47,22.85,23.71,24.19,25.81,22.80,23.41,24.60,26.08,23.77,24.35,25.08,26.42,24.70],[9.49,13.34,15.81,24.70,2.00,2.83,3.61,6.32,7.28,10.20,12.17,3.16,2.24,1.41,1.00,3.16,5.10,6.08,7.07,9.06,10.05,11.05,6.00,5.00,4.00,3.00,0.00,1.00,4.00,6.00,7.00,9.06,8.06,7.07,6.08,3.16,6.08,8.06,2.24,5.39,7.28,8.25,9.49,3.61,4.24,5.83,7.62,9.49,11.40,4.12,4.47,6.40,7.21,10.77,12.65,5.10,6.40,7.81,8.60,10.30,11.18,12.08,10.82,6.32,6.71,7.81,9.22,10.82,12.53,11.40,9.90,8.60,7.62,7.00,7.62,9.22,10.63,12.21,13.89,12.04,10.63,9.43,8.54,8.25,8.06,8.00,8.25,8.94,9.43,10.63,11.31,12.81,14.42,9.06,9.22,9.85,10.82,13.45,15.00,12.81,10.44,12.21,12.81,14.87,13.04,11.05,11.40,11.70,12.53,13.04,14.87,13.42,12.17,12.65,13.89,14.42,16.28,16.97,13.93,13.15,13.34,16.40,14.56,14.14,14.56,14.87,15.23,15.65,16.12,17.20,18.44,15.30,15.13,15.52,16.55,16.12,16.00,16.12,16.49,16.76,17.89,18.87,17.12,17.46,18.03,18.79,18.03,18.25,18.68,19.70,19.24,20.25,21.02,20.40,20.88,21.93,22.83,21.10,21.21,21.59,21.84,22.47,22.85,24.19,22.20,22.56,23.41,24.60,23.19,23.54,24.04,25.08,23.77],[10.44,12.37,15.00,25.08,2.24,2.24,2.83,5.39,6.32,9.22,11.18,4.12,3.16,2.24,1.41,2.24,4.12,5.10,6.08,8.06,9.06,10.05,7.00,6.00,5.00,4.00,1.00,0.00,3.00,5.00,6.00,10.05,9.06,8.06,7.07,2.24,5.10,7.07,2.00,4.47,6.32,7.28,10.44,3.16,3.61,5.00,6.71,8.54,10.44,4.00,4.12,5.66,6.40,9.85,11.70,5.00,5.83,7.07,7.81,9.43,10.30,11.18,11.66,6.08,6.32,7.21,8.49,10.00,11.66,12.21,10.63,9.22,8.06,7.07,7.28,8.60,9.90,11.40,13.04,12.81,11.31,10.00,8.94,8.54,8.25,8.06,8.06,8.54,8.94,10.00,10.63,12.04,13.60,9.00,9.06,9.49,10.30,12.73,14.21,13.45,10.20,11.66,12.21,14.14,13.60,11.00,11.18,11.40,12.08,12.53,14.21,13.89,12.04,12.37,13.42,13.89,15.62,16.28,14.32,13.04,13.15,15.81,14.87,14.04,14.32,14.56,14.87,15.23,15.65,16.64,17.80,15.52,15.03,15.30,16.16,16.28,16.03,16.03,16.28,16.49,17.46,18.36,17.03,17.26,17.72,18.38,18.00,18.11,18.44,19.31,19.10,19.92,20.62,20.22,20.62,21.54,22.36,21.02,21.10,21.38,21.59,22.14,22.47,23.71,22.09,22.36,23.09,24.17,23.09,23.35,23.77,24.70,23.35],[13.34,9.49,12.73,26.42,4.47,2.83,2.24,2.83,3.61,6.32,8.25,7.07,6.08,5.10,4.12,1.41,1.41,2.24,3.16,5.10,6.08,7.07,10.00,9.00,8.00,7.00,4.00,3.00,0.00,2.00,3.00,13.04,12.04,11.05,10.05,1.41,2.24,4.12,3.61,2.24,3.61,4.47,13.34,3.61,3.16,3.16,4.24,5.83,7.62,5.00,4.47,4.12,4.47,7.21,8.94,5.83,5.00,5.39,5.83,7.07,7.81,8.60,14.32,6.32,6.08,6.08,6.71,7.81,9.22,14.76,13.04,11.40,9.90,8.06,7.07,7.28,8.06,9.22,10.63,15.26,13.60,12.04,10.63,10.00,9.43,8.94,8.25,8.00,8.06,8.54,8.94,10.00,11.31,9.49,9.22,9.00,9.22,10.82,12.04,15.62,10.05,10.44,10.77,12.21,15.56,11.40,11.05,11.00,11.18,11.40,12.53,15.62,12.17,12.00,12.37,12.65,13.89,14.42,15.81,13.15,13.04,14.32,16.12,14.14,14.00,14.04,14.14,14.32,14.56,15.23,16.12,16.55,15.13,15.00,15.30,17.09,16.49,16.12,16.00,16.03,16.49,17.09,17.12,17.00,17.12,17.46,18.25,18.03,18.03,18.44,19.03,19.24,19.65,20.00,20.10,20.62,21.19,21.10,21.02,21.02,21.10,21.38,21.59,22.47,22.02,22.02,22.36,23.09,23.02,23.02,23.19,23.77,23.19],[15.30,7.62,11.40,27.46,6.32,4.47,3.61,2.00,2.24,4.47,6.32,9.06,8.06,7.07,6.08,3.16,1.41,1.00,1.41,3.16,4.12,5.10,12.00,11.00,10.00,9.00,6.00,5.00,2.00,0.00,1.00,15.03,14.04,13.04,12.04,3.16,1.00,2.24,5.39,2.24,2.24,2.83,15.30,5.00,4.24,3.16,3.16,4.24,5.83,6.40,5.66,4.12,4.00,5.66,7.21,7.07,5.39,5.00,5.10,5.83,6.40,7.07,16.16,7.21,6.71,6.08,6.08,6.71,7.81,16.55,14.76,13.04,11.40,9.22,7.62,7.00,7.28,8.06,9.22,17.00,15.26,13.60,12.04,11.31,10.63,10.00,8.94,8.25,8.06,8.06,8.25,8.94,10.00,10.30,9.85,9.22,9.00,9.85,10.82,17.20,10.44,10.05,10.20,11.18,17.03,12.08,11.40,11.18,11.00,11.05,11.70,16.97,12.65,12.17,12.04,12.17,13.00,13.42,17.03,13.60,13.34,13.60,17.20,14.56,14.14,14.04,14.00,14.04,14.14,14.56,15.23,17.49,15.52,15.13,15.03,17.89,17.09,16.49,16.12,16.03,16.12,16.49,17.46,17.12,17.00,17.12,18.68,18.25,18.03,18.11,19.24,19.03,19.24,20.10,20.00,20.22,20.62,21.38,21.21,21.02,21.00,21.10,21.21,21.84,22.20,22.02,22.09,22.56,23.19,23.02,23.02,23.35,29.07],[16.28,6.71,10.82,28.02,7.28,5.39,4.47,2.24,2.00,3.61,5.39,10.05,9.06,8.06,7.07,4.12,2.24,1.41,1.00,2.24,3.16,4.12,13.00,12.00,11.00,10.00,7.00,6.00,3.00,1.00,0.00,16.03,15.03,14.04,13.04,4.12,1.41,1.41,6.32,2.83,2.00,2.24,16.28,5.83,5.00,3.61,3.00,3.61,5.00,7.21,6.40,4.47,4.12,5.00,6.40,7.81,5.83,5.10,5.00,5.39,5.83,6.40,17.09,7.81,7.21,6.32,6.00,6.32,7.21,17.46,15.65,13.89,12.21,9.90,8.06,7.07,7.07,7.62,8.60,17.89,16.12,14.42,12.81,12.04,11.31,10.63,9.43,8.54,8.25,8.00,8.06,8.54,9.43,10.82,10.30,9.49,9.06,9.49,10.30,18.03,10.77,10.00,10.05,10.77,17.80,12.53,11.70,11.40,11.05,11.00,11.40,17.69,13.00,12.37,12.00,12.04,12.65,13.00,17.69,13.93,13.60,13.34,17.80,14.87,14.32,14.14,14.04,14.00,14.04,14.32,14.87,18.03,15.81,15.30,15.00,18.36,17.46,16.76,16.28,16.12,16.03,16.28,17.72,17.26,17.03,17.03,18.97,18.44,18.11,18.03,19.42,19.00,19.10,20.22,20.02,20.10,20.40,21.59,21.38,21.10,21.02,21.02,21.10,21.59,22.36,22.09,22.02,22.36,23.35,23.09,23.00,23.19,28.43],[4.00,22.36,23.41,22.00,9.49,11.40,12.37,15.30,16.28,19.24,21.21,6.32,7.28,8.25,9.22,12.17,14.14,15.13,16.12,18.11,19.10,20.10,3.16,4.12,5.10,6.08,9.06,10.05,13.04,15.03,16.03,0.00,1.00,2.00,3.00,12.00,15.00,17.00,10.05,14.04,16.03,17.03,2.00,11.18,12.17,14.14,16.12,18.11,20.10,10.44,11.40,14.32,15.30,19.24,21.21,10.77,13.60,15.52,16.49,18.44,19.42,20.40,5.00,12.08,13.00,14.87,16.76,18.68,20.62,6.00,6.32,7.21,8.49,10.82,13.42,16.16,18.03,19.92,21.84,7.00,7.28,8.06,9.22,9.90,10.63,11.40,13.04,14.76,15.65,17.46,18.38,20.25,22.14,12.81,13.60,15.26,17.00,20.62,22.47,9.06,15.00,18.36,19.24,21.93,10.20,14.14,15.62,16.40,18.03,18.87,21.47,11.40,15.56,17.03,19.42,20.25,22.83,23.71,12.65,16.28,16.97,22.47,13.93,17.03,18.38,19.10,19.85,20.62,21.40,23.02,24.70,15.23,17.80,19.10,21.26,16.55,17.49,18.60,19.85,20.52,22.67,24.21,19.42,20.62,21.93,23.35,19.72,20.81,22.02,24.04,21.63,24.08,25.46,23.02,24.21,26.17,27.59,22.83,23.32,24.41,25.00,26.25,26.91,29.00,24.19,25.24,27.02,29.00,25.06,26.08,27.20,29.07,27.80],[4.12,21.38,22.47,22.02,8.54,10.44,11.40,14.32,15.30,18.25,20.22,5.39,6.32,7.28,8.25,11.18,13.15,14.14,15.13,17.12,18.11,19.10,2.24,3.16,4.12,5.10,8.06,9.06,12.04,14.04,15.03,1.00,0.00,1.00,2.00,11.00,14.00,16.00,9.06,13.04,15.03,16.03,2.24,10.20,11.18,13.15,15.13,17.12,19.10,9.49,10.44,13.34,14.32,18.25,20.22,9.85,12.65,14.56,15.52,17.46,18.44,19.42,5.10,11.18,12.08,13.93,15.81,17.72,19.65,6.08,6.08,6.71,7.81,10.00,12.53,15.23,17.09,18.97,20.88,7.07,7.07,7.62,8.60,9.22,9.90,10.63,12.21,13.89,14.76,16.55,17.46,19.31,21.19,12.04,12.81,14.42,16.12,19.70,21.54,9.00,14.21,17.49,18.36,21.02,10.05,13.45,14.87,15.62,17.20,18.03,20.59,11.18,14.87,16.28,18.60,19.42,21.95,22.83,12.37,15.62,16.28,21.63,13.60,16.40,17.69,18.38,19.10,19.85,20.62,22.20,23.85,14.87,17.20,18.44,20.52,16.16,17.00,18.03,19.21,19.85,21.93,23.43,18.87,20.00,21.26,22.63,19.24,20.25,21.40,23.35,21.10,23.43,24.76,22.47,23.60,25.50,26.87,22.36,22.83,23.85,24.41,25.61,26.25,28.28,23.71,24.70,26.40,28.32,24.60,25.55,26.63,28.43,27.20],[4.47,20.40,21.54,22.09,7.62,9.49,10.44,13.34,14.32,17.26,19.24,4.47,5.39,6.32,7.28,10.20,12.17,13.15,14.14,16.12,17.12,18.11,1.41,2.24,3.16,4.12,7.07,8.06,11.05,13.04,14.04,2.00,1.00,0.00,1.00,10.00,13.00,15.00,8.06,12.04,14.04,15.03,2.83,9.22,10.20,12.17,14.14,16.12,18.11,8.54,9.49,12.37,13.34,17.26,19.24,8.94,11.70,13.60,14.56,16.49,17.46,18.44,5.39,10.30,11.18,13.00,14.87,16.76,18.68,6.32,6.00,6.32,7.21,9.22,11.66,14.32,16.16,18.03,19.92,7.28,7.00,7.28,8.06,8.60,9.22,9.90,11.40,13.04,13.89,15.65,16.55,18.38,20.25,11.31,12.04,13.60,15.26,18.79,20.62,9.06,13.45,16.64,17.49,20.12,10.00,12.81,14.14,14.87,16.40,17.20,19.72,11.05,14.21,15.56,17.80,18.60,21.10,21.95,12.17,15.00,15.62,20.81,13.34,15.81,17.03,17.69,18.38,19.10,19.85,21.40,23.02,14.56,16.64,17.80,19.80,15.81,16.55,17.49,18.60,19.21,21.21,22.67,18.36,19.42,20.62,21.93,18.79,19.72,20.81,22.67,20.59,22.80,24.08,21.95,23.02,24.84,26.17,21.93,22.36,23.32,23.85,25.00,25.61,27.59,23.26,24.19,25.81,27.66,24.17,25.06,26.08,27.80,23.09],[5.00,19.42,20.62,22.20,6.71,8.54,9.49,12.37,13.34,16.28,18.25,3.61,4.47,5.39,6.32,9.22,11.18,12.17,13.15,15.13,16.12,17.12,1.00,1.41,2.24,3.16,6.08,7.07,10.05,12.04,13.04,3.00,2.00,1.00,0.00,9.00,12.00,14.00,7.07,11.05,13.04,14.04,3.61,8.25,9.22,11.18,13.15,15.13,17.12,7.62,8.54,11.40,12.37,16.28,18.25,8.06,10.77,12.65,13.60,15.52,16.49,17.46,5.83,9.43,10.30,12.08,13.93,15.81,17.72,6.71,6.08,6.08,6.71,8.49,10.82,13.42,15.23,17.09,18.97,7.62,7.07,7.07,7.62,8.06,8.60,9.22,10.63,12.21,13.04,14.76,15.65,17.46,19.31,10.63,11.31,12.81,14.42,17.89,19.70,9.22,12.73,15.81,16.64,19.24,10.05,12.21,13.45,14.14,15.62,16.40,18.87,11.00,13.60,14.87,17.03,17.80,20.25,21.10,12.04,14.42,15.00,20.00,13.15,15.26,16.40,17.03,17.69,18.38,19.10,20.62,22.20,14.32,16.12,17.20,19.10,15.52,16.16,17.00,18.03,18.60,20.52,21.93,17.89,18.87,20.00,21.26,18.38,19.24,20.25,22.02,20.12,22.20,23.43,21.47,22.47,24.21,25.50,21.54,21.93,22.83,23.32,24.41,25.00,26.91,22.85,23.71,25.24,27.02,23.77,24.60,25.55,27.20,22.36],[12.65,10.77,12.81,25.06,4.24,3.16,3.00,4.24,5.00,7.62,9.49,6.32,5.39,4.47,3.61,2.00,2.83,3.61,4.47,6.32,7.28,8.25,9.06,8.06,7.07,6.08,3.16,2.24,1.41,3.16,4.12,12.00,11.00,10.00,9.00,0.00,3.00,5.00,2.24,2.24,4.12,5.10,12.17,2.24,2.00,2.83,4.47,6.32,8.25,3.61,3.16,3.61,4.24,7.62,9.49,4.47,4.12,5.00,5.66,7.21,8.06,8.94,13.00,5.10,5.00,5.39,6.40,7.81,9.43,13.42,11.66,10.00,8.49,6.71,6.00,6.71,7.81,9.22,10.82,13.89,12.21,10.63,9.22,8.60,8.06,7.62,7.07,7.07,7.28,8.06,8.60,9.90,11.40,8.25,8.06,8.06,8.54,10.63,12.04,14.21,9.00,9.85,10.30,12.04,14.14,10.20,10.00,10.05,10.44,10.77,12.21,14.21,11.05,11.05,11.70,12.08,13.60,14.21,14.42,12.04,12.00,13.89,14.76,13.04,13.04,13.15,13.34,13.60,13.93,14.76,15.81,15.23,14.04,14.04,14.56,15.81,15.30,15.03,15.03,15.13,15.81,16.55,16.03,16.03,16.28,16.76,17.12,17.00,17.12,17.72,18.00,18.44,18.97,19.03,19.24,19.92,20.62,20.02,20.00,20.10,20.22,20.62,20.88,21.93,21.00,21.10,21.59,22.47,22.00,22.09,22.36,23.09,22.09],[15.52,8.06,10.63,26.63,6.71,5.00,4.24,3.00,3.16,5.00,6.71,9.22,8.25,7.28,6.32,3.61,2.24,2.00,2.24,3.61,4.47,5.39,12.04,11.05,10.05,9.06,6.08,5.10,2.24,1.00,1.41,15.00,14.00,13.00,12.00,3.00,0.00,2.00,5.10,1.41,1.41,2.24,15.13,4.47,3.61,2.24,2.24,3.61,5.39,5.83,5.00,3.16,3.00,5.00,6.71,6.40,4.47,4.00,4.12,5.00,5.66,6.40,15.81,6.40,5.83,5.10,5.10,5.83,7.07,16.16,14.32,12.53,10.82,8.49,6.71,6.00,6.32,7.21,8.49,16.55,14.76,13.04,11.40,10.63,9.90,9.22,8.06,7.28,7.07,7.07,7.28,8.06,9.22,9.43,8.94,8.25,8.00,8.94,10.00,16.64,9.49,9.06,9.22,10.30,16.40,11.18,10.44,10.20,10.00,10.05,10.77,16.28,11.70,11.18,11.05,11.18,12.08,12.53,16.28,12.65,12.37,12.65,16.40,13.60,13.15,13.04,13.00,13.04,13.15,13.60,14.32,16.64,14.56,14.14,14.04,17.00,16.16,15.52,15.13,15.03,15.13,15.52,16.49,16.12,16.00,16.12,17.72,17.26,17.03,17.12,18.25,18.03,18.25,19.10,19.00,19.24,19.65,20.40,20.22,20.02,20.00,20.10,20.22,20.88,21.21,21.02,21.10,21.59,22.20,22.02,22.02,22.36,22.85],[17.46,6.40,9.43,27.80,8.54,6.71,5.83,3.61,3.16,3.61,5.00,11.18,10.20,9.22,8.25,5.39,3.61,2.83,2.24,2.24,2.83,3.61,14.04,13.04,12.04,11.05,8.06,7.07,4.12,2.24,1.41,17.00,16.00,15.00,14.00,5.00,2.00,0.00,7.07,3.16,1.41,1.00,17.12,6.32,5.39,3.61,2.24,2.24,3.61,7.62,6.71,4.24,3.61,3.61,5.00,8.06,5.66,4.47,4.12,4.12,4.47,5.00,17.72,7.81,7.07,5.83,5.10,5.10,5.83,18.03,16.16,14.32,12.53,10.00,7.81,6.32,6.00,6.32,7.21,18.38,16.55,14.76,13.04,12.21,11.40,10.63,9.22,8.06,7.62,7.07,7.00,7.28,8.06,10.63,10.00,8.94,8.25,8.25,8.94,18.36,10.30,9.06,9.00,9.49,18.03,12.21,11.18,10.77,10.20,10.05,10.20,17.80,12.53,11.70,11.05,11.00,11.40,11.70,17.69,13.42,13.00,12.17,17.69,14.32,13.60,13.34,13.15,13.04,13.00,13.15,13.60,17.80,15.23,14.56,14.04,18.03,17.00,16.16,15.52,15.30,15.00,15.13,17.09,16.49,16.12,16.00,18.38,17.72,17.26,17.00,18.68,18.03,18.03,19.42,19.10,19.03,19.24,20.88,20.62,20.22,20.10,20.00,20.02,20.40,21.59,21.21,21.00,21.21,22.56,22.20,22.02,22.09,21.59],[11.18,13.00,13.89,23.26,4.12,4.12,4.47,6.40,7.21,9.85,11.70,5.00,4.24,3.61,3.16,3.61,5.00,5.83,6.71,8.54,9.49,10.44,7.28,6.32,5.39,4.47,2.24,2.00,3.61,5.39,6.32,10.05,9.06,8.06,7.07,2.24,5.10,7.07,0.00,4.00,6.00,7.00,10.05,1.41,2.24,4.12,6.08,8.06,10.05,2.00,2.24,4.47,5.39,9.22,11.18,3.00,4.24,5.83,6.71,8.54,9.49,10.44,10.77,4.12,4.47,5.66,7.21,8.94,10.77,11.18,9.43,7.81,6.40,5.10,5.39,7.07,8.60,10.30,12.08,11.66,10.00,8.49,7.21,6.71,6.32,6.08,6.08,6.71,7.21,8.49,9.22,10.82,12.53,7.00,7.07,7.62,8.60,11.40,13.04,12.04,8.25,10.00,10.63,12.81,12.04,9.00,9.22,9.49,10.30,10.82,12.73,12.21,10.05,10.44,11.66,12.21,14.14,14.87,12.53,11.05,11.18,14.21,13.00,12.04,12.37,12.65,13.00,13.42,13.89,15.00,16.28,13.60,13.04,13.34,14.32,14.32,14.04,14.04,14.32,14.56,15.65,16.64,15.03,15.30,15.81,16.55,16.00,16.12,16.49,17.46,17.12,18.03,18.79,18.25,18.68,19.70,20.59,19.03,19.10,19.42,19.65,20.25,20.62,21.95,20.10,20.40,21.19,22.36,21.10,21.38,21.84,22.85,21.21],[14.87,9.43,10.63,25.24,6.40,5.00,4.47,4.12,4.47,6.40,8.06,8.54,7.62,6.71,5.83,3.61,3.00,3.16,3.61,5.00,5.83,6.71,11.18,10.20,9.22,8.25,5.39,4.47,2.24,2.24,2.83,14.04,13.04,12.04,11.05,2.24,1.41,3.16,4.00,0.00,2.00,3.00,14.04,3.16,2.24,1.00,2.24,4.12,6.08,4.47,3.61,2.00,2.24,5.39,7.28,5.00,3.16,3.16,3.61,5.00,5.83,6.71,14.56,5.00,4.47,4.00,4.47,5.66,7.21,14.87,13.00,11.18,9.43,7.07,5.39,5.10,5.83,7.07,8.60,15.23,13.42,11.66,10.00,9.22,8.49,7.81,6.71,6.08,6.00,6.32,6.71,7.81,9.22,8.06,7.62,7.07,7.07,8.60,9.90,15.26,8.25,8.25,8.54,10.00,15.00,9.85,9.22,9.06,9.06,9.22,10.30,14.87,10.44,10.05,10.20,10.44,11.66,12.21,14.87,11.40,11.18,12.08,15.00,12.37,12.04,12.00,12.04,12.17,12.37,13.00,13.89,15.26,13.34,13.04,13.15,15.65,14.87,14.32,14.04,14.00,14.32,14.87,15.30,15.03,15.03,15.30,16.49,16.12,16.00,16.28,17.12,17.12,17.46,18.03,18.03,18.44,18.97,19.24,19.10,19.00,19.03,19.24,19.42,20.25,20.10,20.00,20.22,20.88,21.10,21.00,21.10,21.59,21.10],[16.76,7.81,9.22,26.40,8.06,6.40,5.66,4.12,4.00,5.00,6.40,10.44,9.49,8.54,7.62,5.00,3.61,3.16,3.00,3.61,4.24,5.00,13.15,12.17,11.18,10.20,7.28,6.32,3.61,2.24,2.00,16.03,15.03,14.04,13.04,4.12,1.41,1.41,6.00,2.00,0.00,1.00,16.03,5.10,4.12,2.24,1.00,2.24,4.12,6.32,5.39,2.83,2.24,3.61,5.39,6.71,4.24,3.16,3.00,3.61,4.24,5.00,16.49,6.40,5.66,4.47,4.00,4.47,5.66,16.76,14.87,13.00,11.18,8.60,6.40,5.10,5.10,5.83,7.07,17.09,15.23,13.42,11.66,10.82,10.00,9.22,7.81,6.71,6.32,6.00,6.08,6.71,7.81,9.22,8.60,7.62,7.07,7.62,8.60,17.00,8.94,8.00,8.06,8.94,16.64,10.82,9.85,9.49,9.06,9.00,9.49,16.40,11.18,10.44,10.00,10.05,10.77,11.18,16