{
    "travel_times":[[0,11411,15163,6531,11242,9068,677,13294,12788,8987,11863,9866,11225,2084,3890,4066,1098,11843,3150,1059,16704,2477,5358,10774,2467,17630,11193,6878,12720,12624,1501,9728,1347,1260,7317,8294,1883,1753,11424,1453,4616,1493,12197,9587,14203,4144,2981,16356,1154,2091,9720,10304,14301,6516,7769,2812,10727,1361,2098,15251,1055,16624,7564,11501,11636,14780,15926,3280,1247,2813,3629,5594,2935,14286,3677,7819,1196,1540,2698,10676,1419,1759,6443,1536,3519,1359,11396,1936,12997,15495,13988,1463,1297,9118,13422,11096,13451,24745],[11411,0,4557,5646,6424,2984,11567,2689,3193,4169,2226,1950,3215,9810,9468,7989,11230,7025,9079,11090,6098,12475,12614,1731,9739,7025,6375,7046,4710,4744,11529,4911,11346,11125,6868,3653,11931,10224,6397,10629,9506,10639,1804,2754,5558,11400,10446,7349,11355,11511,4902,1824,3695,12656,5502,12860,3251,11366,12096,25434,10860,6018,4168,3248,6818,4174,5320,10837,10649,9038,8569,6500,12186,3680,8806,5793,11125,10415,10057,4478,11467,11757,6902,10616,11099,10820,2507,9936,4987,6850,5978,10371,11498,8706,12973,8204,8633,14139],[15163,4557,0,9271,10050,6610,15409,2997,4143,7795,5063,5576,6201,13652,13094,11614,15072,10650,12921,14932,2416,16317,16239,5353,13364,3343,10000,10672,6447,7706,15371,8536,15188,14555,10494,7278,15773,14066,9598,13944,13131,14481,4311,6379,4982,15025,14288,4998,14841,15353,8527,4902,2036,16282,9128,16702,6550,15208,15938,28920,14702,2336,7794,5253,10443,2380,1638,14462,14491,12663,12412,10126,16028,1241,12431,9419,14967,14257,13899,8103,15309,15599,10528,14107,14724,14662,6136,13562,6340,6210,7715,14213,14985,12331,16599,11982,12259,10457],[6531,5646,9271,0,5486,3311,6689,7361,7031,3230,6107,4109,5468,5627,4610,3131,6528,6086,5041,6388,10771,7773,7756,5017,4881,11697,5436,2188,6963,6867,6826,3972,6644,6072,2042,2537,7228,5963,5668,5461,4648,5973,6440,3830,8446,6542,6533,10600,6358,6785,3963,6595,8368,7798,2001,8158,4970,6699,7394,20437,6024,10691,1807,8019,5879,8847,9993,5979,5811,4180,5835,1643,8280,8353,3948,1788,6459,5749,5338,4919,6765,7055,1992,5624,6241,6132,5639,5078,7240,9738,8231,5493,6501,3848,8147,11232,7694,18812],[11242,6424,10050,5486,0,4102,11393,8153,7740,3005,6816,4900,5748,10331,9315,7835,11232,4208,9745,11092,11562,12477,12460,5808,9585,12489,2744,6892,6797,4609,11531,2293,11348,10776,6715,3744,11933,10667,2775,10165,9352,10677,7231,4621,8681,11246,11237,10709,11062,11489,1926,7386,9159,12503,5349,12862,5325,11404,12098,25141,10728,11482,4015,8810,1859,9638,10784,10683,10515,8884,10539,6347,12984,9144,8652,5639,11163,10453,10042,3099,11469,11759,6749,10328,10945,10837,6431,9783,7349,10018,7692,10197,11206,8552,10871,12277,4435,19603],[9068,2984,6610,3311,4102,0,9165,4753,4423,1788,3499,1501,2860,8103,7087,5608,9004,4644,7518,8865,8163,10249,10233,2409,7358,9089,3994,4665,4355,4259,9303,2529,9120,8548,4487,1233,9705,8439,4125,7937,7124,8449,3832,1186,5838,9018,9009,7991,8835,9262,2520,3987,5760,10275,3121,10634,2362,9176,9870,22914,8500,8082,1787,5411,4437,6238,7385,8455,8287,6657,8312,4119,10757,5745,6424,3412,8935,8225,7814,2206,9241,9531,4521,8100,8717,8609,3031,7555,4632,7130,5623,7969,8978,6325,10592,8877,6252,16204],[677,11567,15409,6689,11393,9165,0,13207,12797,8996,11872,9874,11234,1996,3899,4075,1263,11852,3062,1142,16616,2560,5367,10782,2475,17543,11202,6887,12728,12633,1613,9737,1431,1193,7326,8302,1966,1666,11433,1462,4529,1432,12205,9596,14212,4153,3064,16365,1611,2175,9728,10217,14214,6525,7778,2895,10735,1444,2181,15690,897,16536,7573,11414,11645,14692,15839,3288,1159,2822,3542,5603,3018,14198,3686,7828,1279,1452,2611,10685,1502,1842,6451,1448,3528,1202,11405,1945,13006,15504,13997,1411,1754,9127,13431,11009,13460,24658],[13294,2689,2997,7361,8153,4753,13207,0,3157,5837,3612,3618,4922,11694,11136,9656,13114,8692,10963,12974,4996,14359,14281,3395,11406,5922,8042,8713,5798,6451,13413,6578,13230,12597,8536,5320,13815,12108,8064,11986,11173,12523,2353,4421,4525,13067,12330,6329,12883,13395,6569,2931,1767,14324,7170,14744,4959,13250,13980,26962,12744,4915,5836,3282,8485,3154,4218,12504,12533,10705,10453,8168,14070,2756,10473,7460,13009,12299,11941,6145,13351,13641,8570,12149,12766,12704,4178,11604,5879,5817,7066,12255,13027,10373,14641,10024,10301,13037],[12788,3193,4143,7031,7740,4423,12797,3157,0,5503,1357,4061,2552,11818,10802,9323,12720,8359,11233,12580,5586,13965,13948,3175,11073,6512,7709,8380,3165,4180,13018,6245,12835,12264,8203,4987,13420,12155,5948,11652,10840,12165,2305,4658,2770,12734,12724,5063,12550,12977,6236,4137,3183,13990,6836,14350,2901,12891,13586,26629,12215,5176,5502,4650,8152,2916,4808,12171,12003,10372,11465,7835,14472,3168,10140,7127,12650,11941,11530,4591,12956,13247,8236,11816,12433,12324,4475,11270,3246,4062,4433,11685,12693,10040,14308,10321,9301,13627],[8987,4169,7795,3230,3005,1788,8996,5837,5503,0,4634,2636,3995,8067,7051,5571,8968,3136,7481,8828,9298,10213,10196,3544,7321,10225,2486,4628,5490,5210,9267,1022,9084,8512,4451,1480,9669,8403,3471,7901,7088,8413,4967,2357,6974,8982,8973,9127,8798,9225,1767,5122,6895,10239,3085,10598,3497,9140,9834,22877,8464,9218,1751,6546,2907,7374,8520,8419,8251,6620,8275,4083,10720,6880,6388,3375,8899,8189,7778,2723,9205,9495,4485,8064,8681,8572,4167,7519,5767,8266,6758,7933,8942,6288,9800,10013,5498,17339],[11863,2226,5063,6107,6816,3499,11872,3612,1357,4634,0,2926,1955,10927,9911,8432,11829,7468,10342,11689,6539,13074,13057,2040,10182,7466,6818,7489,3450,3484,12127,5354,11944,11372,7311,4096,12529,11263,5136,10761,9949,11273,2044,3688,3496,11843,11833,5788,11659,12086,5345,3286,4136,13099,5945,13459,1991,12000,12695,25738,11324,6013,4611,4747,7261,3795,5761,11280,11112,9481,10628,6943,13581,4121,9249,6236,11759,11050,10639,3700,12065,12356,7345,10925,11542,11433,3339,10379,3682,4788,4718,10794,11802,9149,13416,9185,8410,14580],[9866,1950,5576,4109,4900,1501,9874,3618,4061,2636,2926,0,3220,8920,7904,6424,9821,5460,8334,9681,7074,11066,11049,1320,8174,8000,4810,5482,4714,4619,10120,3346,9937,9365,5304,2088,10522,9256,4832,8754,7941,9266,2743,1189,5949,9835,9826,8324,9651,10078,3337,2898,4671,11092,3938,11451,2550,9993,10687,23730,9317,6993,2604,4322,5253,5149,6296,9272,9104,7473,9128,4936,11573,4655,7241,4229,9752,9042,8631,2913,10058,10348,5338,8917,9534,9426,1977,8372,4992,7241,5983,8786,9795,7141,11409,7823,7069,15115],[11225,3215,6201,5468,5748,2860,11234,4922,2552,3995,1955,3220,0,10284,9268,7789,11185,6825,9699,11046,7739,12430,12414,3015,9539,8666,6175,6846,1495,1852,11484,4710,11301,10729,6668,3452,11886,10620,3826,10118,9305,10630,3267,3165,3145,11199,11190,5132,11016,11443,4532,4261,5412,12456,5302,12815,1412,11357,12051,25094,10681,7111,3968,5685,6618,4894,6962,10636,10468,8838,10493,6300,12938,5321,8605,5593,11116,10406,9995,2646,11422,11712,6702,10281,10898,10790,4314,9736,1772,4472,2763,10150,11159,8506,12773,10160,7383,15781],[2084,9810,13652,5627,10331,8103,1996,11694,11818,8067,10927,8920,10284,0,2897,3138,1574,10915,1424,1435,14978,2819,4679,9845,1787,15905,10265,5950,11791,11696,1873,8800,1690,1469,6389,7365,2294,568,10496,973,2891,983,11096,8659,13275,3464,1812,15428,1699,1701,8791,8579,12576,5837,6841,3235,9798,1710,2440,15778,1204,14898,6636,9775,10708,13054,14201,2600,994,1530,1903,4666,2688,12560,2490,6891,1469,759,973,9748,1811,2101,5514,960,2831,1164,10468,832,12068,14567,13059,715,1842,8190,12494,9371,12523,23020],[3890,9468,13094,4610,9315,7087,3899,11136,10802,7051,9911,7904,9268,2897,0,1839,3790,9914,2926,3650,14599,5035,3744,8845,2143,15525,9264,4950,10791,10695,4088,7800,3906,3334,5388,6365,4490,3257,9496,2723,3308,3235,10268,7658,12274,2530,4231,14428,3620,4047,7791,10423,12196,4902,5841,5420,8798,3961,4656,17699,3285,14519,5635,11847,9707,12675,13821,1955,3073,1405,3720,3666,5530,12181,1833,5890,3721,3011,2554,8747,4026,4317,4514,2886,2692,3394,9467,2340,11068,13566,12059,2755,3763,7189,11493,10157,11523,22640],[4066,7989,11614,3131,7835,5608,4075,9656,9323,5571,8432,6424,7789,3138,1839,0,3940,8427,2453,3800,13112,5185,4959,7358,2293,14038,7777,3462,9304,9208,4238,6313,4055,3483,3901,4878,4640,3374,8008,2872,2086,3384,8781,6171,10787,3745,3944,12940,3770,4197,6304,8936,10709,6117,4354,5570,7311,4111,4806,17849,3435,13031,4148,10360,8220,11187,12334,3342,3223,1592,3247,2178,5692,10693,1360,4403,3870,3161,2750,7260,4176,4467,3027,3036,3653,3544,7980,2490,9581,12079,10572,2904,3913,5702,10006,8670,10035,21153],[1098,11230,15072,6528,11232,9004,1263,13114,12720,8968,11829,9821,11185,1574,3790,3940,0,11717,2824,713,16379,1724,5233,10648,2341,17305,11067,6753,12594,12498,764,9603,595,1401,7191,8168,1553,1428,11299,1327,4291,1039,12071,9461,14078,4018,2650,16231,1687,1761,9594,9979,13976,6391,7644,2482,10601,1031,1345,15766,888,16298,7438,11176,11510,14454,15601,3154,1035,2687,3304,5469,2604,13960,3551,7693,849,1062,2373,10550,1089,1006,6317,1325,3394,930,11271,1810,12871,15369,13862,1180,1831,8992,13296,10771,13326,24420],[11843,7025,10650,6086,4208,4644,11852,8692,8359,3136,7468,5460,6825,10915,9914,8427,11717,0,10314,11661,12131,13045,13029,6376,10154,13057,1914,7461,8323,8042,12099,2497,11916,11344,6782,4312,12501,11235,6304,10733,9920,11245,7799,5190,9806,11814,11805,11959,11631,12058,4441,7955,9728,13071,5917,13431,6329,11972,12666,25710,11296,12050,4583,9379,3330,10206,11353,11252,11083,9453,11108,6915,13553,9712,9221,6208,11731,11022,10611,5556,12037,12327,7317,10897,11513,11405,6999,10351,8600,11098,9591,10765,11774,9121,7082,12845,8331,20172],[3150,9079,12921,5041,9745,7518,3062,10963,11233,7481,10342,8334,9699,1424,2926,2453,2824,10314,0,2667,14241,4052,5777,9213,2665,15167,9632,5318,11159,11063,3106,8168,2923,2702,5757,6733,3508,1801,9864,2206,1891,2216,10358,8026,12643,4563,2023,14796,2932,3088,8159,7841,11838,6935,6209,4437,9166,2943,3673,17011,2437,14160,6003,9038,10075,12316,13463,3698,2227,1837,1166,4034,3763,11823,1568,6258,2702,1992,1634,9115,3044,3334,4882,2193,3929,2397,9836,1930,11436,13934,12427,1948,3075,7557,11861,8372,11891,22282],[1059,11090,14932,6388,11092,8865,1142,12974,12580,8828,11689,9681,11046,1435,3650,3800,713,11661,2667,0,16246,1938,5101,10516,2209,17173,10935,6620,12462,12366,992,9471,809,1269,7059,8036,1458,1296,11166,1195,4158,926,11939,9329,13945,3886,2555,16098,1555,1666,9462,9847,13844,6258,7512,2387,10469,936,1559,15634,755,16166,7306,11043,11378,14322,15468,3022,903,2555,3171,5336,2509,13828,3419,7561,596,930,2241,10418,994,1220,6185,1192,3261,798,11138,1678,12739,15237,13730,1047,1698,8860,13164,10638,13193,24287],[16704,6098,2416,10771,11562,8163,16616,4996,5586,9298,6539,7074,7739,14978,14599,13112,16379,12131,14241,16246,0,17812,17735,6848,14860,1792,11495,12167,7942,9201,16866,10031,16683,16050,11989,8773,17268,15562,11093,15439,14626,15976,5806,7874,6477,16520,15783,5566,16336,16848,10022,6397,3991,17777,10623,18197,8045,16703,17433,30415,16197,2659,9289,6748,11938,3875,2254,15957,15987,14158,13907,11621,17523,2736,13926,10914,16462,15752,15394,9598,16804,17094,12023,15602,16219,16157,7631,15057,7835,6778,9210,15708,16480,13827,18094,13477,13754,9564],[2477,12475,16317,7773,12477,10249,2560,14359,13965,10213,13074,11066,12430,2819,5035,5185,1724,13045,4052,1938,17812,0,6436,11851,3544,18508,12270,7955,13797,13701,1299,10806,1605,2604,8394,9371,1692,2631,12501,2530,5493,2242,13274,10664,15280,5221,3166,17434,2890,2839,10797,11182,15179,7593,8847,1525,11804,2234,979,16969,2091,17501,8641,12378,12713,15657,16804,4357,2238,3890,4506,6671,2294,15163,4754,8896,2052,2265,3576,11753,1839,1235,7520,2527,4596,2133,12473,3013,14074,16572,15065,2382,3033,10195,14499,11974,14528,25623],[5358,12614,16239,7756,12460,10233,5367,14281,13948,10196,13057,11049,12414,4679,3744,4959,5233,13029,5777,5101,17735,6436,0,11992,3847,18673,12411,8097,13938,13842,5563,10947,5380,4808,8536,9512,5965,4699,12643,4197,6721,4709,13415,10805,15422,2267,6203,17575,5094,5521,10938,12970,15344,2657,8988,6894,11945,5436,6130,19173,4760,17666,8782,14167,12854,15822,16968,3243,4547,4262,6294,6813,7016,15328,5196,9037,5195,4485,5025,11895,5501,5791,7661,4360,3980,4869,12615,3815,14215,16714,15206,4229,5238,8478,14816,13305,14670,25787],[10774,1731,5353,5017,5808,2409,10782,3395,3175,3544,2040,1320,3015,9845,8845,7358,10648,6376,9213,10516,6848,11851,11992,0,9054,7778,5690,6361,4508,4541,10999,4225,10816,10244,6183,2967,11401,10135,5711,9633,8820,10145,1846,2068,5317,10714,10705,7609,10531,10958,4216,2675,4448,11971,4817,12330,2784,10872,11566,24610,10196,6771,3483,4099,6133,4927,6073,10151,9983,8353,9549,5815,12453,4433,8120,5108,10631,9921,9510,3793,10937,11227,6217,9796,10413,10305,1909,9251,4785,6609,5776,9665,10674,8021,12288,7755,7948,14892],[2467,9739,13364,4881,9585,7358,2475,11406,11073,7321,10182,8174,9539,1787,2143,2293,2341,10154,2665,2209,14860,3544,3847,9054,0,15755,9494,5179,11020,10925,2690,8029,2507,1935,5618,6594,3092,1826,9725,1324,3452,1836,10497,7888,12504,2646,3330,14657,2221,2649,8020,10097,12426,5018,6070,4021,9027,2563,3257,16300,1887,14748,5865,11294,9937,12904,14051,1782,1674,1114,3422,3895,4143,12410,1978,6120,2322,1612,1865,8977,2628,2918,4743,1487,1980,1996,9697,942,11298,13796,12289,1356,2365,7419,11723,10300,11752,22870],[17630,7025,3343,11697,12489,9089,17543,5922,6512,10225,7466,8000,8666,15905,15525,14038,17305,13057,15167,17173,1792,18508,18673,7778,15755,0,12376,13047,8823,10082,17746,10912,17563,16930,12869,9654,18148,16442,11973,16319,15507,16857,6686,8755,7357,17401,16664,6449,17217,17728,10903,7278,4871,18657,11503,19078,8926,17583,18314,31296,17077,3542,10169,7628,12819,4755,1950,16838,16867,15039,14787,12501,18403,3617,14807,11794,17342,16633,16275,10479,17684,17975,12903,16483,17100,17037,8511,15937,8715,7661,10091,16588,17360,14707,18974,14357,14634,8376],[11193,6375,10000,5436,2744,3994,11202,8042,7709,2486,6818,4810,6175,10265,9264,7777,11067,1914,9632,10935,11495,12270,12411,5690,9494,12376,0,6862,7724,7137,11500,1898,11318,10746,6685,3714,11902,10637,5303,10135,9322,10647,7201,4591,9207,11216,11207,11361,11032,11459,3517,7356,9129,12472,5318,12832,5731,11373,12068,25111,10698,11452,3984,8780,1865,9608,10754,10653,10485,8854,10509,6317,12954,9114,8622,5609,11133,10423,10012,4957,11439,11729,6718,10298,10915,10806,6400,9752,8001,10499,8992,10167,11175,8522,8647,12247,6963,19573],[6878,7046,10672,2188,6892,4665,6887,8713,8380,4628,7489,5482,6846,5950,4950,3462,6753,7461,5318,6620,12167,7955,8097,6361,5179,13047,6862,0,8361,8265,7155,5370,6972,6400,2016,3935,7557,6291,7065,5789,4976,6301,7838,5228,9844,6870,6861,11997,6686,7113,5360,7993,9766,6515,3410,8486,6368,7028,7722,20765,6352,12088,3205,9417,7277,10244,11391,6307,6139,4508,6163,1718,8608,9750,4276,3460,6787,6077,5666,6317,7093,7383,2774,5952,6569,6461,7037,5407,8638,11136,9629,5821,6830,2565,6631,11560,9092,20210],[12720,4710,6447,6963,6797,4355,12728,5798,3165,5490,3450,4714,1495,11791,10791,9304,12594,8323,11159,12462,7942,13797,13938,4508,11020,8823,7724,8361,0,2310,13059,6286,12877,12305,8244,5028,13461,12196,4571,11694,10881,12206,4843,4741,2679,12775,12765,4363,12591,13018,6107,5836,5757,14031,6877,14391,2987,12932,13627,26670,12256,6986,5543,7260,8193,5082,7307,12212,12044,10413,12068,7876,14513,5667,10181,7168,12692,11982,11571,4118,12997,13288,8277,11857,12474,12365,5890,11311,874,4005,1696,11726,12734,10081,14349,11736,8335,16126],[12624,4744,7706,6867,4609,4259,12633,6451,4180,5210,3484,4619,1852,11696,10695,9208,12498,8042,11063,12366,9201,13701,13842,4541,10925,10082,7137,8265,2310,0,12842,5943,12659,12088,8027,4811,13244,11979,2299,11476,10664,11989,4740,4524,4275,12558,12548,6136,12374,12801,4478,5733,6920,13814,6660,14174,2901,12715,13410,26453,12039,8503,5326,7158,6152,6286,8470,11995,11827,10196,11851,7659,14296,6829,9964,6951,12474,11765,11354,2677,12780,13071,8060,11640,12257,12148,5787,11094,2776,5602,3381,11509,12517,9864,14132,11633,6064,17289],[1501,11529,15371,6826,11531,9303,1613,13413,13018,9267,12127,10120,11484,1873,4088,4238,764,12099,3106,992,16866,1299,5563,10999,2690,17746,11500,7155,13059,12842,0,9904,718,1702,7492,8469,1303,1729,11600,1628,4592,1340,12372,9762,14378,4319,2352,16532,1988,1801,9895,10280,14277,6692,7945,2164,10902,1031,998,16067,1189,16599,7739,11476,11811,14755,15902,3455,1336,2988,3604,5769,2325,14261,3852,7994,1150,1363,2674,10851,839,605,6618,1625,3694,1231,11571,2111,13172,15670,14163,1480,2131,9293,13597,11072,13626,24721],[9728,4911,8536,3972,2293,2529,9737,6578,6245,1022,5354,3346,4710,8800,7800,6313,9603,2497,8168,9471,10031,10806,10947,4225,8029,10912,1898,5370,6286,5943,9904,0,9860,9288,5227,2257,10445,9180,4248,8677,7865,9190,5744,3134,7750,9759,9749,9903,9575,10002,2163,5899,7672,11015,3861,11375,4274,9916,10611,23654,9240,9994,2527,7323,2205,8150,9297,9196,9028,7397,9052,4859,11497,7657,7165,4152,9675,8966,8555,3500,9981,10272,5261,8841,9458,9349,4943,8295,6544,9042,7535,8710,9718,7065,9149,10789,6275,18116],[1347,11346,15188,6644,11348,9120,1431,13230,12835,9084,11944,9937,11301,1690,3906,4055,595,11916,2923,809,16683,1605,5380,10816,2507,17563,11318,6972,12877,12659,718,9860,0,1487,7277,8254,1639,1514,11385,1413,4377,1125,12157,9547,14163,4104,2736,16317,1773,1847,9680,10065,14062,6477,7730,2497,10687,1117,1330,15852,974,16384,7524,11262,11596,14540,15687,3240,1121,2773,3390,5554,2658,14046,3637,7779,935,1148,2459,10636,1175,991,6403,1410,3479,1016,11356,1896,12957,15455,13948,1266,1917,9078,13382,10857,13411,24506],[1260,11125,14555,6072,10776,8548,1193,12597,12264,8512,11372,9365,10729,1469,3334,3483,1401,11344,2702,1269,16050,2604,4808,10244,1935,16930,10746,6400,12305,12088,1702,9288,1487,0,6805,7782,2121,1282,10913,941,4145,1125,11685,9075,13691,3632,3066,15845,1077,1903,9208,9833,13830,6005,7258,3051,10215,1600,2287,15156,916,16152,7052,11030,11124,14308,15455,2768,827,2301,3157,5083,3173,13814,3165,7307,1418,1068,2227,10164,1657,1948,5931,1030,3008,1025,10884,1424,12485,14983,13476,951,1220,8606,12910,10625,12940,24274],[7317,6868,10494,2042,6715,4487,7326,8536,8203,4451,7311,5304,6668,6389,5388,3901,7191,6782,5757,7059,11989,8394,8536,6183,5618,12869,6685,2016,8244,8027,7492,5227,7277,6805,0,3758,7935,6670,6889,6167,5355,6680,7661,5051,9668,7249,7239,11821,7065,7492,5184,7816,9590,7588,2242,8865,6191,7406,8101,21144,6730,11912,3028,9240,7100,10068,11214,6686,6518,4887,6542,2294,8987,9574,4655,3283,7165,6456,6045,6141,7471,7762,2680,6331,6948,6839,6861,5785,8461,10960,9452,6200,7208,3637,6761,11939,8916,20033],[8294,3653,7278,2537,3744,1233,8302,5320,4987,1480,4096,2088,3452,7365,6365,4878,8168,4312,6733,8036,8773,9371,9512,2967,6594,9654,3714,3935,5028,4811,8469,2257,8254,7782,3758,0,8953,7687,3872,7185,6372,7697,4420,1810,6427,8266,8257,8580,8082,8509,2167,4575,6348,9523,2369,9882,2950,8424,9118,22161,7748,8671,1035,5999,4084,6827,7973,7703,7535,5904,7560,3367,10004,6333,5672,2660,8183,7473,7062,3105,8489,8779,3769,7348,7965,7857,3620,6803,5220,7719,6211,7217,8226,5573,9840,9466,5899,16792],[1883,11931,15773,7228,11933,9705,1966,13815,13420,9669,12529,10522,11886,2294,4490,4640,1553,12501,3508,1458,17268,1692,5965,11401,3092,18148,11902,7557,13461,13244,1303,10445,1639,2121,7935,8953,0,2152,11964,1993,5015,1601,12737,10127,14743,4684,1717,16897,2353,1594,10260,10703,14700,7057,8310,1159,11267,1185,1109,16432,1554,17022,8104,11900,12176,15178,16325,3820,1701,3353,4028,6134,1172,14684,4217,8359,1517,1786,3097,11216,521,1369,6983,1990,4059,1596,11936,2476,13537,16035,14528,1904,2496,9658,13962,11495,13991,25144],[1753,10224,14066,5963,10667,8439,1666,12108,12155,8403,11263,9256,10620,568,3257,3374,1428,11235,1801,1296,15562,2631,4699,10135,1826,16442,10637,6291,12196,11979,1729,9180,1514,1282,6670,7687,2152,0,10846,875,3257,885,11463,9009,13625,3566,2179,15778,1601,1697,9142,8946,12943,5938,7191,3106,10149,1612,2342,15680,1106,15265,6986,10142,11058,13421,14568,2702,895,1897,2270,5016,3106,12927,2857,7241,1371,661,1340,10098,1713,2003,5865,662,2941,1066,10818,1199,12419,14917,13410,617,1744,8540,12844,9738,12873,23387],[11424,6397,9598,5668,2775,4125,11433,8064,5948,3471,5136,4832,3826,10496,9496,8008,11299,6304,9864,11166,11093,12501,12643,5711,9725,11973,5303,7065,4571,2299,11600,4248,11385,10913,6889,3872,11964,10846,0,10330,9517,10842,6350,4786,6325,11411,11402,8353,11227,11654,2604,7310,8738,12667,5513,13027,3809,11568,12263,25306,10893,10437,4179,8735,4278,8220,10288,10848,10680,9049,10704,6512,13149,8647,8817,5804,11328,10618,10207,1914,11634,11924,6914,10493,11110,11001,6355,9947,4993,7651,5336,10362,11370,8717,12915,12201,4190,19107],[1453,10629,13944,5461,10165,7937,1462,11986,11652,7901,10761,8754,10118,973,2723,2872,1327,10733,2206,1195,15439,2530,4197,9633,1324,16319,10135,5789,11694,11476,1628,8677,1413,941,6167,7185,1993,875,10330,0,3699,1195,10744,8134,12750,2691,2872,14904,1580,2007,8267,9638,12672,5064,6317,3380,9274,1921,2616,15659,1245,14995,6111,10835,10183,13151,14297,1827,1033,1360,2963,4141,3502,12657,2224,6366,1680,971,1935,9223,1986,2277,4990,846,2066,1354,9943,483,11544,14042,12535,715,1723,7665,11969,10430,11998,23116],[4616,9506,13131,4648,9352,7124,4529,11173,10840,7088,9949,7941,9305,2891,3308,2086,4291,9920,1891,4158,14626,5493,6721,8820,3452,15507,9322,4976,10881,10664,4592,7865,4377,4145,5355,6372,5015,3257,9517,3699,0,3663,10251,7641,12257,5405,3470,14411,4379,4535,7774,9063,12179,7778,5824,5884,8781,4390,5120,18458,3884,14502,5618,10259,9690,12658,13804,4525,3673,2726,2560,3648,5210,12164,1997,5873,4149,3439,3081,8730,4491,4781,4497,3640,4787,3844,9450,3377,11051,13549,12042,3395,4522,7172,11476,7039,11505,22623],[1493,10639,14481,5973,10677,8449,1432,12523,12165,8413,11273,9266,10630,983,3235,3384,1039,11245,2216,926,15976,2242,4709,10145,1836,16857,10647,6301,12206,11989,1340,9190,1125,1125,6680,7697,1601,885,10842,1195,3663,0,12047,9123,13739,3680,2321,15893,1586,1139,9256,9530,13527,6053,7306,2594,10263,820,2094,15665,871,15850,7100,10727,11172,14006,15152,2816,1010,2349,2855,5130,2716,13512,3213,7355,788,613,1924,10212,1201,1755,5979,976,3055,831,10932,1472,12533,15031,13524,731,1730,8654,12958,10322,12987,23971],[12197,1804,4311,6440,7231,3832,12205,2353,2305,4967,2044,2743,3267,11096,10268,8781,12071,7799,10358,11939,5806,13274,13415,1846,10497,6686,7201,7838,4843,4740,12372,5744,12157,11685,7661,4420,12737,11463,6350,10744,10251,12047,0,3493,4651,12139,11835,6943,11955,12900,5641,2653,3395,13395,6241,13755,3251,12755,12991,26034,11620,5718,4907,3467,7557,3874,5020,11576,11408,9777,9959,7240,13575,3380,9545,6532,12514,11804,10935,4960,12361,12652,7641,11221,11838,11729,3144,10675,4987,5943,5978,11090,12098,9445,13713,8990,9372,13839],[9587,2754,6379,3830,4621,1186,9596,4421,4658,2357,3688,1189,3165,8659,7658,6171,9461,5190,8026,9329,7874,10664,10805,2068,7888,8755,4591,5228,4741,4524,9762,3134,9547,9075,5051,1810,10127,9009,4786,8134,7641,9123,3493,0,6124,9557,9548,8277,9373,9800,3059,3659,5432,10814,3660,11173,2647,9715,10409,23452,9039,7755,2326,5083,4975,5911,7057,8994,8826,7195,8850,4658,11295,5417,6963,3951,9474,8764,8353,2839,9780,10070,5060,8639,9256,9148,2507,8094,4917,7416,5908,8508,9517,6863,11131,8248,6791,15876],[14203,5558,4982,8446,8681,5838,14212,4525,2770,6974,3496,5949,3145,13275,12274,10787,14078,9806,12643,13945,6477,15280,15422,5317,12504,7357,9207,9844,2679,4275,14378,7750,14163,13691,9668,6427,14743,13625,6325,12750,12257,13739,4651,6124,0,14184,14174,2650,14000,14427,7516,5844,4196,15440,8286,15800,4396,14341,15036,28079,13665,5310,6952,6194,9602,3370,5746,13621,13453,11822,13353,9285,15922,4106,11590,8577,14100,13391,12980,5631,14406,14697,9686,13266,13883,13774,6598,12720,2303,1650,3606,13135,14143,11490,15758,12444,10167,14565],[4144,11400,15025,6542,11246,9018,4153,13067,12734,8982,11843,9835,11199,3464,2530,3745,4018,11814,4563,3886,16520,5221,2267,10714,2646,17401,11216,6870,12775,12558,4319,9759,4104,3632,7249,8266,4684,3566,11411,2691,5405,3680,12139,9557,14184,0,5063,16434,3954,4381,9798,11829,14203,3435,7847,5754,10805,4295,4990,18033,3619,16525,7642,13026,11714,14681,15828,2103,3407,3121,5154,5672,5876,14187,4056,7897,4054,3345,3884,10754,4360,4651,6521,3220,2839,3728,11474,2674,13075,15573,14066,3088,4097,9256,13500,12164,13529,24647],[2981,10446,14288,6533,11237,9009,3064,12330,12724,8973,11833,9826,11190,1812,4231,3944,2650,11805,2023,2555,15783,3166,6203,10705,3330,16664,11207,6861,12765,12548,2352,9749,2736,3066,7239,8257,1717,2179,11402,2872,3470,2321,11835,9548,14174,5063,0,16281,3334,1691,9644,9141,13138,7337,7694,2710,10651,2161,2660,17413,2661,15461,7488,10338,11560,13617,14763,4101,2629,2838,2466,5518,1840,13123,3053,7743,2624,2395,1993,10600,1727,2757,6367,2596,4332,2643,11567,2332,12921,15419,13912,2350,3477,9042,13346,9933,13375,23582],[16356,7349,4998,10600,10709,7991,16365,6329,5063,9127,5788,8324,5132,15428,14428,12940,16231,11959,14796,16098,5566,17434,17575,7609,14657,6449,11361,11997,4363,6136,16532,9903,16317,15845,11821,8580,16897,15778,8353,14904,14411,15893,6943,8277,2650,16434,16281,0,16183,16610,9699,7623,5378,17623,10469,17983,6579,16524,17219,30262,15849,2889,9135,7973,11785,3808,5297,15804,15636,14005,15132,11468,18105,4594,13773,10760,16284,15574,15163,7710,16590,16880,11869,15449,16066,15957,8857,14903,3585,1420,4216,15318,16326,13673,17941,14703,12186,14116],[1154,11355,14841,6358,11062,8835,1611,12883,12550,8798,11659,9651,11016,1699,3620,3770,1687,11631,2932,1555,16336,2890,5094,10531,2221,17217,11032,6686,12591,12374,1988,9575,1773,1077,7065,8082,2353,1601,11227,1580,4379,1586,11955,9373,14000,3954,3334,16183,0,2219,9523,10148,14145,6320,7573,3366,10530,1915,2602,14774,1232,16468,7368,11345,11440,14623,15770,3083,1091,2616,3473,5398,3488,14130,3480,7623,1733,1383,2542,10480,1973,2263,6246,1346,3323,1340,11200,1740,12800,15299,13791,1266,509,8922,13226,10940,13255,24589],[2091,11511,15353,6785,11489,9262,2175,13395,12977,9225,12086,10078,11443,1701,4047,4197,1761,12058,3088,1666,16848,2839,5521,10958,2649,17728,11459,7113,13018,12801,1801,10002,1847,1903,7492,8509,1594,1697,11654,2007,4535,1139,12900,9800,14427,4381,1691,16610,2219,0,9909,10254,14251,6706,7959,2565,10916,1109,2516,16291,1497,16573,7753,11450,11825,14729,15875,3469,1560,3002,3578,5783,2159,14235,3866,8008,1633,1266,2648,10865,1210,2170,6632,1629,3708,1457,11585,2125,13186,15684,14177,1384,2355,9307,13611,11045,13640,24694],[9720,4902,8527,3963,1926,2520,9728,6569,6236,1767,5345,3337,4532,8791,7791,6304,9594,4441,8159,9462,10022,10797,10938,4216,8020,10903,3517,5360,6107,4478,9895,2163,9680,9208,5184,2167,10260,9142,2604,8267,7774,9256,5641,3059,7516,9798,9644,9699,9523,9909,0,5842,7615,10959,3805,11318,4126,9860,10554,23597,9184,9938,2471,7266,2985,8094,9240,9139,8971,7340,8995,4803,11440,7600,7108,4096,9619,8909,8498,2207,9925,10215,5205,8784,9401,9293,4887,8239,6396,8894,7387,8653,9662,7008,11091,10733,4649,18059],[10304,1824,4902,6595,7386,3987,10217,2931,4137,5122,3286,2898,4261,8579,10423,8936,9979,7955,7841,9847,6397,11182,12970,2675,10097,7278,7356,7993,5836,5733,10280,5899,10065,9833,7816,4575,10703,8946,7310,9638,9063,9530,2653,3659,5844,11829,9141,7623,10148,10254,5842,0,3946,13606,6452,11684,4241,10189,10919,24257,9683,6269,5118,1523,7768,4425,5571,10945,9473,9369,7393,7450,11009,3931,9100,6743,9948,9239,8881,5428,10290,10580,7852,9440,11176,9643,3460,9176,5977,7088,6968,9194,10322,9656,13923,9307,9583,14390],[14301,3695,2036,8368,9159,5760,14214,1767,3183,6895,4136,4671,5412,12576,12196,10709,13976,9728,11838,13844,3991,15179,15344,4448,12426,4871,9129,9766,5757,6920,14277,7672,14062,13830,9590,6348,14700,12943,8738,12672,12179,13527,3395,5432,4196,14203,13138,5378,14145,14251,7615,3946,0,15358,8204,15779,5731,14284,15015,27997,13779,3862,6870,4329,9520,2209,3165,13539,13568,11740,11488,9203,15105,1414,11508,8495,14044,13334,12976,7180,14385,14676,9604,13184,13801,13739,5213,12638,5520,5454,6896,13290,14061,11408,15676,11059,11335,11984],[6516,12656,16282,7798,12503,10275,6525,14324,13990,10239,13099,11092,12456,5837,4902,6117,6391,13071,6935,6258,17777,7593,2657,11971,5018,18657,12472,6515,14031,13814,6692,11015,6477,6005,7588,9523,7057,5938,12667,5064,7778,6053,13395,10814,15440,3435,7337,17623,6320,6706,10959,13606,15358,0,9131,8121,12088,6663,7357,20400,5987,17808,8925,15137,12997,15964,17111,4471,5774,5489,7522,7871,8243,15470,6423,9180,6422,5712,6252,12037,6728,7018,8494,5587,5207,6096,12757,5042,14358,16856,15349,5456,6465,6057,12395,14532,14812,25930],[7769,5502,9128,2001,5349,3121,7778,7170,6836,3085,5945,3938,5302,6841,5841,4354,7644,5917,6209,7512,10623,8847,8988,4817,6070,11503,5318,3410,6877,6660,7945,3861,7730,7258,2242,2369,8310,7191,5513,6317,5824,7306,6241,3660,8286,7847,7694,10469,7573,7959,3805,6452,8204,9131,0,9349,4828,7890,8585,21628,7215,10548,1573,7877,5737,8704,9851,7170,7002,5371,7026,2834,9471,8210,5139,2223,7650,6940,6529,4777,7956,8246,3236,6815,7432,7323,5497,6270,7098,9596,8089,6684,7693,5039,8017,11343,7552,18670],[2812,12860,16702,8158,12862,10634,2895,14744,14350,10598,13459,11451,12815,3235,5420,5570,2482,13431,4437,2387,18197,1525,6894,12330,4021,19078,12832,8486,14391,14174,2164,11375,2497,3051,8865,9882,1159,3106,13027,3380,5884,2594,13755,11173,15800,5754,2710,17983,3366,2565,11318,11684,15779,8121,9349,0,12211,2130,1905,17376,2498,17967,9048,12844,13120,16122,17269,4764,2646,4297,4972,7079,1539,15629,5161,9303,2461,2730,4041,12161,1465,2146,7927,2935,5004,2540,12881,3421,14481,16980,15472,2848,3441,10602,14907,12439,14936,26088],[10727,3251,6550,4970,5325,2362,10735,4959,2901,3497,1991,2550,1412,9798,8798,7311,10601,6329,9166,10469,8045,11804,11945,2784,9027,8926,5731,6368,2987,2901,10902,4274,10687,10215,6191,2950,11267,10149,3809,9274,8781,10263,3251,2647,4396,10805,10651,6579,10530,10916,4126,4241,5731,12088,4828,12211,0,10878,11572,24615,10202,7456,3489,5658,6139,5239,7306,10157,9989,8359,10014,5821,12458,5666,8126,5114,10637,9927,9516,2283,10943,11233,6223,9802,10419,10311,4150,9257,3174,5673,4165,9671,10680,8027,12294,9996,6993,16125],[1361,11366,15208,6699,11404,9176,1444,13250,12891,9140,12000,9993,11357,1710,3961,4111,1031,11972,2943,936,16703,2234,5436,10872,2563,17583,11373,7028,12932,12715,1031,9916,1117,1600,7406,8424,1185,1612,11568,1921,4390,820,12755,9715,14341,4295,2161,16524,1915,1109,9860,10189,14284,6663,7890,2130,10878,0,1929,15913,1034,16375,7585,11252,11657,14531,15677,3301,1182,2834,3380,5615,2285,14037,3698,7840,998,1139,2449,10697,770,1617,6464,1501,3540,1077,11417,1957,13018,15516,14009,1256,1977,9139,13443,10847,13472,24496],[2098,12096,15938,7394,12098,9870,2181,13980,13586,9834,12695,10687,12051,2440,4656,4806,1345,12666,3673,1559,17433,979,6130,11566,3257,18314,12068,7722,13627,13410,998,10611,1330,2287,8101,9118,1109,2342,12263,2616,5120,2094,12991,10409,15036,4990,2660,17219,2602,2516,10554,10919,15015,7357,8585,1905,11572,1929,0,16660,1781,17192,8332,12069,12404,15348,16494,4048,1929,3581,4197,6362,2003,14854,4445,8587,1743,1956,3267,11444,1442,907,7211,2218,4287,1824,12164,2704,13765,16263,14756,2073,2724,9886,14190,11664,14219,25313],[15251,25434,28920,20437,25141,22914,15690,26962,26629,22877,25738,23730,25094,15778,17699,17849,15766,25710,17011,15634,30415,16969,19173,24610,16300,31296,25111,20765,26670,26453,16067,23654,15852,15156,21144,22161,16432,15680,25306,15659,18458,15665,26034,23452,28079,18033,17413,30262,14774,16291,23597,24257,27997,20400,21628,17376,24615,15913,16660,0,15377,30613,21513,25490,25585,28769,29916,17229,15236,16762,17618,19543,17634,28275,17626,21768,15879,15529,16688,24625,16118,16408,20392,15491,17468,15486,25345,15885,26946,29444,27937,15412,15016,23067,27371,25086,27400,38735],[1055,10860,14702,6024,10728,8500,897,12744,12215,8464,11324,9317,10681,1204,3285,3435,888,11296,2437,755,16197,2091,4760,10196,1887,17077,10698,6352,12256,12039,1189,9240,974,916,6730,7748,1554,1106,10893,1245,3884,871,11620,9039,13665,3619,2661,15849,1232,1497,9184,9683,13779,5987,7215,2498,10202,1034,1781,15377,0,16044,7200,10921,11272,14200,15346,2916,778,2449,3049,5230,2674,13706,3313,7455,919,807,2118,10312,1159,1449,6079,1076,3155,554,11032,1572,12633,15131,13624,925,1603,8754,13058,10516,13087,24165],[16624,6018,2336,10691,11482,8082,16536,4915,5176,9218,6013,6993,7111,14898,14519,13031,16298,12050,14160,16166,2659,17501,17666,6771,14748,3542,11452,12088,6986,8503,16599,9994,16384,16152,11912,8671,17022,15265,10437,14995,14502,15850,5718,7755,5310,16525,15461,2889,16468,16573,9938,6269,3862,17808,10548,17967,7456,16375,17192,30613,16044,0,9155,6613,11804,2750,2382,15823,15852,14024,13772,11487,17389,2602,13792,10779,16328,15618,15260,9097,16670,16960,11889,15468,16085,16023,7497,14923,6171,4080,6801,15574,16346,13692,17960,13343,13620,11201],[7564,4168,7794,1807,4015,1787,7573,5836,5502,1751,4611,2604,3968,6636,5635,4148,7438,4583,6003,7306,9289,8641,8782,3483,5865,10169,3984,3205,5543,5326,7739,2527,7524,7052,3028,1035,8104,6986,4179,6111,5618,7100,4907,2326,6952,7642,7488,9135,7368,7753,2471,5118,6870,8925,1573,9048,3489,7585,8332,21513,7200,9155,0,6564,4424,7391,8538,6944,6776,5145,6800,2608,9245,6897,4913,1848,7423,6714,6303,3464,7729,8020,3009,6589,7206,7097,4184,6043,5785,8283,6776,6458,7466,4813,9081,10030,6239,17357],[11501,3248,5253,8019,8810,5411,11414,3282,4650,6546,4747,4322,5685,9775,11847,10360,11176,9379,9038,11043,6748,12378,14167,4099,11294,7628,8780,9417,7260,7158,11476,7323,11262,11030,9240,5999,11900,10142,8735,10835,10259,10727,3467,5083,6194,13026,10338,7973,11345,11450,7266,1523,4329,15137,7877,12844,5658,11252,12069,25490,10921,6613,6564,0,9170,4826,5973,12171,10699,10595,8619,8852,12235,4333,10326,8145,11174,10465,10107,6830,11516,11807,9254,10666,12402,10869,4862,10402,7384,7489,8370,10420,11548,11058,15325,10708,10985,14792],[11636,6818,10443,5879,1859,4437,11645,8485,8152,2907,7261,5253,6618,10708,9707,8220,11510,3330,10075,11378,11938,12713,12854,6133,9937,12819,1865,7277,8193,6152,11811,2205,11596,11124,7100,4084,12176,11058,4278,10183,9690,11172,7557,4975,9602,11714,11560,11785,11440,11825,2985,7768,9520,12997,5737,13120,6139,11657,12404,25585,11272,11804,4424,9170,0,10058,11204,11103,10935,9304,10959,6767,13404,9564,9072,6059,11583,10873,10462,4679,11888,12179,7168,10748,11365,11256,6850,10202,8451,10949,9271,10617,11625,8972,10002,12697,6015,20023],[14780,4174,2380,8847,9638,6238,14692,3154,2916,7374,3795,5149,4894,13054,12675,11187,14454,10206,12316,14322,3875,15657,15822,4927,12904,4755,9608,10244,5082,6286,14755,8150,14540,14308,10068,6827,15178,13421,8220,13151,12658,14006,3874,5911,3370,14681,13617,3808,14623,14729,8094,4425,2209,15964,8704,16122,5239,14531,15348,28769,14200,2750,7391,4826,10058,0,3122,14004,14033,12205,11953,9668,15570,1482,11973,8960,14509,13799,13441,6881,14851,15141,10070,13649,14266,14204,5678,13103,4695,4629,5998,13755,14526,11873,16141,11524,11592,11941],[15926,5320,1638,9993,10784,7385,15839,4218,4808,8520,5761,6296,6962,14201,13821,12334,15601,11353,13463,15468,2254,16804,16968,6073,14051,1950,10754,11391,7307,8470,15902,9297,15687,15455,11214,7973,16325,14568,10288,14297,13804,15152,5020,7057,5746,15828,14763,5297,15770,15875,9240,5571,3165,17111,9851,17269,7306,15677,16494,29916,15346,2382,8538,5973,11204,3122,0,15131,15160,13332,13080,10795,16696,1910,13100,10087,15636,14926,14568,8772,15977,16268,11196,14776,15393,15331,6805,14230,7008,6487,8384,14882,15653,13000,17268,12651,12927,9117],[3280,10837,14462,5979,10683,8455,3288,12504,12171,8419,11280,9272,10636,2600,1955,3342,3154,11252,3698,3022,15957,4357,3243,10151,1782,16838,10653,6307,12212,11995,3455,9196,3240,2768,6686,7703,3820,2702,10848,1827,4525,2816,11576,8994,13621,2103,4101,15804,3083,3469,9139,10945,13539,4471,7170,4764,10157,3301,4048,17229,2916,15823,6944,12171,11103,14004,15131,0,2449,2170,4196,5031,4918,13546,3113,7255,3097,2387,2945,10113,3403,3693,5879,2262,1073,2770,10833,1717,12433,14932,13424,2131,3140,8554,12859,11435,12888,24005],[1247,10649,14491,5811,10515,8287,1159,12533,12003,8251,11112,9104,10468,994,3073,3223,1035,11083,2227,903,15987,2238,4547,9983,1674,16867,10485,6139,12044,11827,1336,9028,1121,827,6518,7535,1701,895,10680,1033,3673,1010,11408,8826,13453,3407,2629,15636,1091,1560,8971,9473,13568,5774,7002,2646,9989,1182,1929,15236,778,15852,6776,10699,10935,14033,15160,2449,0,2089,2817,4871,2942,13474,2953,7095,1187,728,1887,9953,1426,1717,5719,724,2796,608,10673,1213,12273,14772,13264,687,1285,8394,12699,10284,12728,23933],[2813,9038,12663,4180,8884,6657,2822,10705,10372,6620,9481,7473,8838,1530,1405,1592,2687,9453,1837,2555,14158,3890,4262,8353,1114,15039,8854,4508,10413,10196,2988,7397,2773,2301,4887,5904,3353,1897,9049,1360,2726,2349,9777,7195,11822,3121,2838,14005,2616,3002,7340,9369,11740,5489,5371,4297,8359,2834,3581,16762,2449,14024,5145,10595,9304,12205,13332,2170,2089,0,2647,3170,4167,11686,1253,5395,2694,1985,1191,8252,3000,3291,4019,1860,2477,2368,8972,1314,10573,13071,11564,1728,2737,6694,10998,9575,11027,22145],[3629,8569,12412,5835,10539,8312,3542,10453,11465,8275,10628,9128,10493,1903,3720,3247,3304,11108,1166,3171,13907,4506,6294,9549,3422,14787,10509,6163,12068,11851,3604,9052,3390,3157,6542,7560,4028,2270,10704,2963,2560,2855,9959,8850,13353,5154,2466,15132,3473,3578,8995,7393,11488,7522,7026,4972,10014,3380,4197,17618,3049,13772,6800,8619,10959,11953,13080,4196,2817,2647,0,4960,4404,10657,2495,7185,3343,2634,2275,10042,3685,3975,5808,2835,4571,3038,9101,2571,12552,13814,13543,2589,3717,8484,12788,8980,12817,21116],[5594,6500,10126,1643,6347,4119,5603,8168,7835,4083,6943,4936,6300,4666,3666,2178,5469,6915,4034,5336,11621,6671,6813,5815,3895,12501,6317,1718,7876,7659,5769,4859,5554,5083,2294,3367,6134,5016,6512,4141,3648,5130,7240,4658,9285,5672,5518,11468,5398,5783,4803,7450,9203,7871,2834,7079,5821,5615,6362,19543,5230,11487,2608,8852,6767,9668,10795,5031,4871,3170,4960,0,7278,9182,2946,2892,5456,4747,4336,5749,5762,6053,1486,4622,5239,5130,6469,4076,8070,10568,9061,4490,5499,3884,8233,10229,8524,19642],[2935,12186,16028,8280,12984,10757,3018,14070,14472,10720,13581,11573,12938,2688,5530,5692,2604,13553,3763,2509,17523,2294,7016,12453,4143,18403,12954,8608,14513,14296,2325,11497,2658,3173,8987,10004,1172,3106,13149,3502,5210,2716,13575,11295,15922,5876,1840,18105,3488,2159,11440,11009,15105,8243,9471,1539,12458,2285,2003,17634,2674,17389,9245,12235,13404,15570,16696,4918,2942,4167,4404,7278,0,14852,4782,9459,2617,2886,3722,12316,1621,2335,8083,3090,5159,2696,13296,3513,14637,17135,15628,3004,3596,10758,15062,11662,15091,25311],[14286,3680,1241,8353,9144,5745,14198,2756,3168,6880,4121,4655,5321,12560,12181,10693,13960,9712,11823,13828,2736,15163,15328,4433,12410,3617,9114,9750,5667,6829,14261,7657,14046,13814,9574,6333,14684,12927,8647,12657,12164,13512,3380,5417,4106,14187,13123,4594,14130,14235,7600,3931,1414,15470,8210,15629,5666,14037,14854,28275,13706,2602,6897,4333,9564,1482,1910,13546,13474,11686,10657,9182,14852,0,11558,8545,14094,13384,13026,7230,14435,14726,9654,13234,13851,13789,5262,12688,5466,5400,6842,13340,14111,11458,15726,11109,11385,10795],[3677,8806,12431,3948,8652,6424,3686,10473,10140,6388,9249,7241,8605,2490,1833,1360,3551,9221,1568,3419,13926,4754,5196,8120,1978,14807,8622,4276,10181,9964,3852,7165,3637,3165,4655,5672,4217,2857,8817,2224,1997,3213,9545,6963,11590,4056,3053,13773,3480,3866,7108,9100,11508,6423,5139,5161,8126,3698,4445,17626,3313,13792,4913,10326,9072,11973,13100,3113,2953,1253,2495,2946,4782,11558,0,5148,3547,2838,1966,8005,3853,4144,3771,2713,3330,3221,8725,2167,10325,12824,11316,2582,3590,6447,10751,8971,10780,21898],[7819,5793,9419,1788,5639,3412,7828,7460,7127,3375,6236,4229,5593,6891,5890,4403,7693,6208,6258,7561,10914,8896,9037,5108,6120,11794,5609,3460,7168,6951,7994,4152,7779,7307,3283,2660,8359,7241,5804,6366,5873,7355,6532,3951,8577,7897,7743,10760,7623,8008,4096,6743,8495,9180,2223,9303,5114,7840,8587,21768,7455,10779,1848,8145,6059,8960,10087,7255,7095,5395,7185,2892,9459,8545,5148,0,7739,7029,6618,5002,8045,8335,2621,6904,7521,7413,5722,6359,7323,9821,8314,6773,7782,5128,9396,11568,7777,18895],[1196,11125,14967,6459,11163,8935,1279,13009,12650,8899,11759,9752,11116,1469,3721,3870,849,11731,2702,596,16462,2052,5195,10631,2322,17342,11133,6787,12692,12474,1150,9675,935,1418,7165,8